2000.CHR
ELENA		4D 43 53 5F  F0 00 00 00  3B 00 00 00  00 00 00 00  00 00 00 00  00 00 00 00  00 00 00 00  00 00 00 00  00 00 00 00  00 00 00 00  00 00 00 00  00 00 00 00  00 00 00 00  00 00 00 00  00 00 00 00  00 00 00 00  00 00 00 00  00 00 00 00  00 00 00 00  00 00 00 00  00 00 00 00  00 00 00 00  00 00 00 00  00 00 00 00  00 00 00 00  00 00 00 00  00 00 00 00  00 00 00 00  00 00 00 00  00 00 00 00  00 00 00 00  00 00 00 00  00 00 00 00  00 00 00 00  00 00 00 00  00 00 00 00  00 00 00 00  00 00 00 00  00 00 00 00  00 00 00 00  00 00 1F 00  00 00 0B 00  01 00 0C 00  01 00 0D 00  01 00 00 00  00 00 00 00  00 00 29 00  00 00 2A 00  01 00 00 00  00 00 00 00  00 00 00 00  00 00 20 00  00 00 00 00  00 00 00 00  00 00 00 00  00 00 00 00  00 00 00 00  00 00 00 00  00 00 00 00  00 00 01 00  00 00 02 00  01 00 FF FF 
CARIUS		
BOY			4D 43 53 5F  4C 00 00 00  12 00 00 00  00 00 00 00  00 00 00 00  00 00 00 00  00 00 00 00  00 00 00 00  00 00 00 00  00 00 00 00  00 00 00 00  00 00 00 00  00 00 00 00  00 00 00 00  00 00 00 00  00 00 00 00  00 00 1F 00  00 00 00 00  00 00 00 00  00 00 20 00  00 00 FF FF 
MAN1		4D 43 53 5F  4C 00 00 00  12 00 00 00  00 00 00 00  00 00 00 00  00 00 00 00  00 00 00 00  00 00 00 00  00 00 00 00  00 00 00 00  00 00 00 00  00 00 00 00  00 00 00 00  00 00 00 00  00 00 00 00  00 00 00 00  00 00 1F 00  00 00 00 00  00 00 00 00  00 00 20 00  00 00 FF FF 
MAN2		4D 43 53 5F  48 00 00 00  11 00 00 00  00 00 00 00  00 00 00 00  00 00 00 00  00 00 00 00  00 00 00 00  00 00 00 00  00 00 00 00  00 00 00 00  00 00 00 00  00 00 00 00  00 00 00 00  00 00 00 00  00 00 1F 00  00 00 00 00  00 00 00 00  00 00 20 00  00 00 FF FF 
OLDMAN		4D 43 53 5F  50 00 00 00  13 00 00 00  00 00 00 00  00 00 00 00  00 00 00 00  00 00 00 00  00 00 00 00  00 00 00 00  00 00 00 00  00 00 00 00  00 00 00 00  00 00 00 00  00 00 00 00  00 00 00 00  00 00 00 00  00 00 1F 00  00 00 00 00  00 00 00 00  00 00 00 00  00 00 20 00  00 00 FF FF 
GIRL		4D 43 53 5F  50 00 00 00  13 00 00 00  00 00 00 00  00 00 00 00  00 00 00 00  00 00 00 00  00 00 00 00  00 00 00 00  00 00 00 00  00 00 00 00  00 00 00 00  00 00 00 00  00 00 00 00  00 00 00 00  00 00 00 00  00 00 00 00  00 00 1F 00  00 00 00 00  00 00 00 00  00 00 20 00  00 00 FF FF 
WOMAN		4D 43 53 5F  50 00 00 00  13 00 00 00  00 00 00 00  00 00 00 00  00 00 00 00  00 00 00 00  00 00 00 00  00 00 00 00  00 00 00 00  00 00 00 00  00 00 00 00  00 00 00 00  00 00 00 00  00 00 00 00  00 00 00 00  00 00 00 00  00 00 1F 00  00 00 00 00  00 00 00 00  00 00 20 00  00 00 FF FF 
OLDWOMAN	4D 43 53 5F  50 00 00 00  13 00 00 00  00 00 00 00  00 00 00 00  00 00 00 00  00 00 00 00  00 00 00 00  00 00 00 00  00 00 00 00  00 00 00 00  00 00 00 00  00 00 00 00  00 00 00 00  00 00 00 00  00 00 00 00  00 00 00 00  00 00 1F 00  00 00 00 00  00 00 00 00  00 00 20 00  00 00 FF FF 
GRANDMA		4D 43 53 5F  50 00 00 00  13 00 00 00  00 00 00 00  00 00 00 00  00 00 00 00  00 00 00 00  00 00 00 00  00 00 00 00  00 00 00 00  00 00 00 00  00 00 00 00  00 00 00 00  00 00 00 00  00 00 00 00  00 00 00 00  00 00 00 00  00 00 1F 00  00 00 00 00  00 00 00 00  00 00 20 00  00 00 FF FF 
OLDWOMAN	4D 43 53 5F  54 00 00 00  14 00 00 00  00 00 00 00  00 00 00 00  00 00 00 00  00 00 00 00  00 00 00 00  00 00 00 00  00 00 00 00  00 00 00 00  00 00 00 00  00 00 00 00  00 00 00 00  00 00 00 00  00 00 00 00  00 00 00 00  00 00 20 00  00 00 00 00  00 00 00 00  00 00 00 00  00 00 1F 00  00 00 FF FF 
SISTER1		4D 43 53 5F  64 00 00 00  18 00 00 00  00 00 00 00  00 00 00 00  00 00 00 00  00 00 00 00  00 00 00 00  00 00 00 00  00 00 00 00  00 00 00 00  00 00 00 00  00 00 00 00  00 00 00 00  00 00 00 00  00 00 00 00  00 00 00 00  00 00 00 00  00 00 00 00  00 00 00 00  00 00 00 00  00 00 20 00  00 00 00 00  00 00 00 00  00 00 00 00  00 00 1F 00  00 00 FF FF 
SISTER2		4D 43 53 5F  50 00 00 00  13 00 00 00  00 00 00 00  00 00 00 00  00 00 00 00  00 00 00 00  00 00 00 00  00 00 00 00  00 00 00 00  00 00 00 00  00 00 00 00  00 00 00 00  00 00 00 00  00 00 00 00  00 00 00 00  00 00 20 00  00 00 00 00  00 00 00 00  00 00 00 00  00 00 1F 00  00 00 FF FF 
SISTER3		4D 43 53 5F  7C 00 00 00  1E 00 00 00  00 00 00 00  00 00 00 00  00 00 00 00  00 00 00 00  00 00 00 00  00 00 00 00  00 00 00 00  00 00 00 00  00 00 00 00  00 00 00 00  00 00 00 00  00 00 00 00  00 00 00 00  00 00 00 00  00 00 00 00  00 00 00 00  00 00 00 00  00 00 00 00  00 00 00 00  00 00 00 00  00 00 00 00  00 00 00 00  00 00 00 00  00 00 00 00  00 00 20 00  00 00 00 00  00 00 00 00  00 00 00 00  00 00 1F 00  00 00 FF FF 
SISTER4		4D 43 53 5F  50 00 00 00  13 00 00 00  00 00 00 00  00 00 00 00  00 00 00 00  00 00 00 00  00 00 00 00  00 00 00 00  00 00 00 00  00 00 00 00  00 00 00 00  00 00 00 00  00 00 00 00  00 00 00 00  00 00 00 00  00 00 20 00  00 00 00 00  00 00 00 00  00 00 00 00  00 00 1F 00  00 00 FF FF 
SISTER5		

2020.CHR
MAN2		4D 43 53 5F  48 00 00 00  11 00 00 00  00 00 00 00  00 00 00 00  00 00 00 00  00 00 00 00  00 00 00 00  00 00 00 00  00 00 00 00  00 00 00 00  00 00 00 00  00 00 00 00  00 00 00 00  00 00 00 00  00 00 1F 00  00 00 00 00  00 00 00 00  00 00 20 00  00 00 FF FF 
MAN1		4D 43 53 5F  4C 00 00 00  12 00 00 00  00 00 00 00  00 00 00 00  00 00 00 00  00 00 00 00  00 00 00 00  00 00 00 00  00 00 00 00  00 00 00 00  00 00 00 00  00 00 00 00  00 00 00 00  00 00 00 00  00 00 00 00  00 00 1F 00  00 00 00 00  00 00 00 00  00 00 20 00  00 00 FF FF 
LIZARDMAN	