                        TY TY LV     HP           MP    SP     VIT   AGI    SPD   MEN    STA   IPS    IPCS  EV EVM FI WI EA LT  BZ ST RKB?   TREC   TDMG        THEAL  SIZE            NO        XP           SKILLCOINS   MAGICCOINS   GP           ITEM1 ITEM2  %1 %2        AI Start           AI start            AI start           AI start            AI Start           ?? ??
big foot         01 01  05 05 13 00  5F 03 00 00  00 00 00 00  A2 00 56 00  46 00 6B 00  FA 00 14 00  32 00 00 00  F8 00 00 00  09 00 14 00  94 02 F0 00  00 00 F4 01  5A 00 C8 00  00 00 00 00  1D 00 00 00  2F 00 00 00  23 00 00 00  2E 00 00 00  F2 00 90 00  0A 03 00 00  01 64 00 00  00 00 00 00  00 00 00 00  00 00 00 00  00 00 00 00  00 00 00 00  00 00 00 00  00 00 00 00 
huge catapillar  02 01  02 02 13 00  D5 02 00 00  00 00 00 00  83 00 4C 00  32 00 61 00  20 01 14 00  32 00 00 00  00 00 00 00  00 06 0A 00  58 02 0E 01  00 00 F4 01  64 00 C8 00  00 00 00 00  15 00 00 00  21 00 00 00  24 00 00 00  05 00 00 00  7E 00 1D 03  0F 02 00 00  01 64 00 00  00 00 00 00  00 00 00 00  00 00 00 00  00 00 00 00  00 00 00 00  00 00 00 00  00 00 00 00 
chameleon        03 01  03 03 18 00  81 03 00 00  00 00 00 00  A7 00 57 00  40 00 7D 00  0D 01 14 00  32 00 00 00  00 00 00 00  00 01 05 00  58 02 4A 01  00 00 F4 01  64 00 C8 00  00 00 00 00  0E 00 00 00  1B 00 00 00  0D 00 00 00  32 00 00 00  7D 00 D9 02  0F 03 00 00  01 64 00 00  00 00 00 00  00 00 00 00  00 00 00 00  00 00 00 00  00 00 00 00  00 00 00 00  00 00 00 00 
granas knight    04 01  05 05 28 00  EB 0A 00 00  00 00 00 00  F6 00 6D 00  2D 00 89 00  33 01 14 00  32 00 00 00  00 00 00 00  00 00 0A 00  58 02 F0 00  00 00 F4 01  50 00 C8 00  00 01 00 00  5A 00 00 00  96 00 00 00  00 00 00 00  C8 00 00 00  3D 02 F7 01  0F 05 00 00  01 64 00 00  00 00 00 00  00 00 00 00  00 00 00 00  00 00 00 00  00 00 00 00  00 00 00 00  00 00 00 00 
frost frog       06 01  03 03 0D 00  CC 01 00 00  00 00 00 00  71 00 4D 00  62 00 43 00  C0 00 14 00  32 00 00 00  FD 00 00 00  05 00 05 00  48 03 F0 00  00 00 F4 01  5A 00 C8 00  00 00 00 00  0B 00 00 00  1A 00 00 00  11 00 00 00  25 00 00 00  81 00 A3 00  1E 08 00 00  01 64 00 00  00 00 00 00  00 00 00 00  00 00 00 00  00 00 00 00  00 00 00 00  00 00 00 00  00 00 00 00 
star mirage      07 01  01 01 15 00  3C 03 00 00  00 00 A0 00  81 00 54 00  4E 00 70 00  E6 00 14 00  32 00 00 00  00 00 06 00  FB 08 00 00  58 02 F0 00  00 00 F4 01  64 00 C8 00  00 00 00 00  10 00 00 00  27 00 00 00  13 00 00 00  49 00 00 00  81 00 43 00  0A 02 00 00  01 50 14 00  00 00 00 00  00 00 00 00  00 00 00 00  00 00 00 00  00 00 00 00  00 00 00 00  00 00 00 00 
giga mantis      08 01  02 02 22 00  8F 06 00 00  00 00 00 00  DA 00 5C 00  50 00 66 00  E6 00 14 00  32 00 00 00  00 00 FC 06  00 00 0A 00  E0 01 A4 01  00 00 F4 01  64 00 C8 00  00 00 00 00  2A 00 00 00  31 00 00 00  10 00 00 00  35 00 00 00  67 00 40 02  0F 05 00 00  01 64 00 00  00 00 00 00  00 00 00 00  00 00 00 00  00 00 00 00  00 00 00 00  00 00 00 00  00 00 00 00 
fenny bird       09 01  01 01 23 00  0E 07 00 00  00 00 00 00  BA 00 71 00  64 00 98 00  C0 00 14 00  32 00 19 00  08 FA 00 00  F8 00 00 00  1C 02 F0 00  00 00 F4 01  64 00 C8 00  00 00 00 00  31 00 00 00  0E 00 00 00  4C 00 00 00  1A 00 00 00  E4 00 42 00  05 01 00 00  01 64 00 00  00 00 00 00  00 00 00 00  00 00 00 00  00 00 00 00  00 00 00 00  00 00 00 00  00 00 00 00 
crag snake       0A 01  03 03 0B 00  42 01 00 00  00 00 00 00  7D 00 50 00  63 00 35 00  C0 00 14 00  32 00 00 00  00 00 05 00  00 01 05 00  D0 02 C2 01  00 00 F4 01  64 00 C8 00  00 00 00 00  0C 00 00 00  18 00 00 00  14 00 00 00  1B 00 00 00  7E 00 00 03  14 05 00 00  01 64 00 00  00 00 00 00  00 00 00 00  00 00 00 00  00 00 00 00  00 00 00 00  00 00 00 00  00 00 00 00 
hammerhead       0C 01  03 03 14 00  BB 03 00 00  00 00 B4 00  A5 00 5C 00  66 00 5D 00  C0 00 14 00  32 00 00 00  00 00 00 07  FE 00 0C 01  03 03 14 00  BB 03 00 00  00 00 B4 00  A5 00 5C 00  66 00 5D 00  C0 00 14 00  32 00 00 00  00 00 00 07  FE 00 14 00  0C 03 68 01  00 00 F4 01  82 00 C8 00  00 00 00 00  21 00 00 00  30 00 00 00  26 00 00 00  30 00 00 00  7F 00 3D 00  0F 03 00 00  01 4B 19 00  00 00 03 3C  28 00 00 00  00 00 00 00  00 00 00 00  00 00 00 00  00 00 00 00  00 00 00 00 
durham minotaur  0D 02  0B 05 13 00  DE 12 00 00  00 00 68 01  8C 00 7E 00  3C 00 6E 00  0D 01 14 00  32 00 00 00  00 FD 0A FA  00 82 19 00  2C 01 1C 02  00 00 F4 01  96 00 C8 00  00 01 00 00  D2 00 00 00  D0 02 00 00  00 00 00 00  00 00 00 00  00 00 33 00  00 64 00 00  01 28 3C 00  00 00 0C 64  00 00 00 00  00 00 00 00  00 00 00 00  00 00 00 00  00 00 00 00  00 00 00 00 
troglodyte       0E 01  05 05 0D 00  67 04 00 00  00 00 D2 00  76 00 4A 00  28 00 5A 00  20 01 14 00  32 00 0A 00  FD 00 00 00  04 80 0A 00  A4 01 2C 01  00 00 F4 01  50 00 C8 00  00 01 00 00  18 00 00 00  28 00 00 00  0A 00 00 00  A0 00 00 00  D5 00 BF 02  0A 78 00 00  01 55 0F 00  00 00 08 1E  46 00 00 00  00 00 00 00  00 00 00 00  00 00 00 00  00 00 00 00  00 00 00 00 
twin ogre        10 01  05 05 14 00  0E 03 00 00  00 00 82 00  96 00 51 00  46 00 75 00  FA 00 14 00  32 00 00 00  00 00 00 00  00 00 0A 00  1C 02 F0 00  00 00 F4 01  50 00 C8 00  00 00 00 00  1B 00 00 00  34 00 00 00  1D 00 00 00  26 00 00 00  E0 00 43 02  0F 03 00 00  01 3C 28 00  00 00 00 00  00 00 00 00  00 00 00 00  00 00 0F 5A  0A 00 00 00  00 00 00 00  00 00 00 00 
warp warrior     11 01  07 07 1B 00  D2 03 00 00  00 00 18 01  C2 00 52 00  42 00 88 00  0D 01 14 00  32 00 00 00  00 07 F8 00  00 82 0A 00  58 02 2C 01  00 00 F4 01  50 00 C8 00  00 00 00 00  1C 00 00 00  3B 00 00 00  03 00 00 00  29 00 00 00  84 00 D5 02  0A 02 00 00  01 3C 19 0F  00 00 00 00  00 00 00 00  00 00 00 00  00 00 0F 55  0A 05 00 00  00 00 00 00  00 00 00 00 
mottled spider   12 01  02 02 0A 00  2C 01 00 00  00 00 3C 00  6E 00 35 00  3B 00 3C 00  0D 01 14 00  32 00 00 00  00 00 00 00  00 00 05 00  0C 03 2C 01  00 00 F4 01  5A 00 C8 00  00 00 00 00  08 00 00 00  0F 00 00 00  05 00 00 00  02 00 00 00  6A 00 F9 00  14 05 00 00  01 46 1E 00  00 00 0D 5A  0A 00 00 00  00 00 00 00  00 00 0F 64  00 00 00 00  00 00 00 00  00 00 00 00 
man-eating tree  13 01  06 06 1F 00  05 06 00 00  00 00 8C 00  F0 00 50 00  48 00 52 00  FA 00 14 00  32 00 00 00  FA 00 00 00  00 88 0F 00  1C 02 A4 01  00 00 F4 01  46 00 C8 00  00 00 00 00  36 00 00 00  3F 00 00 00  33 00 00 00  46 00 00 00  70 00 CB 02  0F 7D 00 00  01 41 23 00  00 00 06 14  50 00 00 00  03 50 14 00  00 00 0F 64  00 00 00 00  00 00 00 00  00 00 00 00 
crimson claw     14 01  02 02 1E 00  87 05 00 00  00 00 AA 00  DC 00 61 00  47 00 6C 00  FA 00 14 00  32 00 00 00  00 00 06 FB  00 02 05 00  58 02 2C 01  00 00 F4 01  3C 00 C8 00  00 00 00 00  1F 00 00 00  29 00 00 00  1C 00 00 00  41 00 00 00  F3 00 83 00  0A 05 00 00  01 5A 0A 00  00 00 00 00  00 00 00 00  00 00 00 00  00 00 00 00  00 00 00 00  00 00 00 00  00 00 00 00 
land cougar      15 01  04 04 1A 00  7E 04 00 00  B4 00 00 00  AA 00 76 00  67 00 8E 00  C0 00 14 00  32 00 14 00  00 08 03 00  00 08 0A 00  E0 01 E0 01  00 00 F4 01  78 00 C8 00  00 00 00 00  19 00 00 00  11 00 00 00  31 00 00 00  16 00 00 00  71 00 D1 00  14 05 00 00  01 1E 0A 28  0F 05 09 46  00 05 0F 0A  00 00 00 00  00 00 00 00  00 00 00 00  00 00 00 00  00 00 00 00 
sandman          16 01  04 04 0F 00  87 01 00 00  00 00 78 00  67 00 44 00  3C 00 5E 00  0D 01 14 00  32 00 00 00  00 00 08 00  00 00 05 00  D0 02 F0 00  00 00 F4 01  46 00 C8 00  00 00 00 00  0D 00 00 00  10 00 00 00  0F 00 00 00  19 00 00 00  E0 00 DD 00  0A 02 00 00  01 46 19 05  00 00 0A 55  0F 00 00 00  00 00 00 00  00 00 00 00  00 00 00 00  00 00 00 00  00 00 00 00 
crimson tail     17 02  0C 02 24 00  06 2C 00 00  00 00 6C 02  E6 00 9C 00  49 00 80 00  FA 00 0F 00  1E 00 00 00  00 00 07 FB  00 CA 0A 00  D2 00 C2 01  00 00 F4 01  BE 00 C8 00  00 01 00 00  FA 00 00 00  B0 04 00 00  2C 01 00 00  E8 03 00 00  46 00 C1 02  02 78 00 00  01 32 0F 23  00 00 02 19  2D 1E 00 00  00 00 00 00  00 00 00 00  00 00 00 00  00 00 00 00  00 00 00 00 
skull snail      18 01  07 07 1B 00  22 04 00 00  96 00 6E 00  AA 00 4D 00  33 00 90 00  20 01 14 00  32 00 00 00  FC 00 07 00  07 02 0A 00  D0 02 2C 01  00 00 F4 01  78 00 C8 00  00 00 00 00  1E 00 00 00  19 00 00 00  2E 00 00 00  0F 00 00 00  CF 00 FF 00  0F 05 00 00  01 3C 0F 0F  0A 00 06 19  32 0A 0F 00  00 00 00 00  00 00 0F 50  0A 05 05 00  00 00 00 00  00 00 00 00 
clay bird        19 01  01 01 20 00  16 08 00 00  8C 00 96 00  DD 00 6A 00  4F 00 85 00  C0 00 14 00  32 00 00 00  00 F9 09 00  00 80 05 00  68 01 2C 01  00 00 F4 01  78 00 C8 00  00 00 00 00  48 00 00 00  59 00 00 00  7F 00 00 00  77 00 00 00  E5 00 E4 00  0A 01 00 00  01 28 19 0F  14 00 03 32  1E 14 00 00  00 00 00 00  00 00 0F 46  0F 0A 05 00  00 00 00 00  00 00 00 00 
hellhound        1A 01  04 04 16 00  9B 02 00 00  6E 00 00 00  9F 00 66 00  52 00 8A 00  C0 00 14 00  32 00 00 00  07 00 00 00  F9 00 05 00  A4 01 F0 00  00 00 F4 01  78 00 C8 00  00 00 00 00  13 00 00 00  16 00 00 00  35 00 00 00  36 00 00 00  DF 00 38 01  0F 01 00 00  01 3C 0F 19  00 00 09 4B  0F 0A 00 00  00 00 00 00  00 00 00 00  00 00 00 00  00 00 00 00  00 00 00 00 
ghoul            1B 01  07 07 11 00  03 03 00 00  46 00 64 00  87 00 4F 00  2A 00 73 00  20 01 14 00  32 00 00 00  FD 00 00 00  06 02 05 00  1C 02 68 01  00 00 F4 01  46 00 C8 00  00 00 00 00  0F 00 00 00  13 00 00 00  1E 00 00 00  22 00 00 00  F7 00 7B 00  0A 05 00 00  01 2D 0A 1E  0F 00 06 14  3C 14 00 00  00 00 00 00  00 00 00 00  00 00 00 00  00 00 00 00  00 00 00 00 
brain bat        1C 01  07 07 29 00  A6 06 00 00  FA 00 00 00  B0 00 72 00  50 00 EC 00  E6 00 14 00  32 00 00 00  00 09 00 00  00 00 00 00  58 02 2C 01  00 00 F4 01  5A 00 C8 00  00 00 00 00  3C 00 00 00  20 00 00 00  87 00 00 00  67 00 00 00  7B 00 3E 00  0A 03 00 00  01 23 0A 32  05 00 00 00  00 00 00 00  00 00 00 00  00 00 00 00  00 00 00 00  00 00 00 00  00 00 00 00 
gargoyle         1D 01  06 06 0A 00  B5 01 00 00  50 00 00 00  73 00 2F 00  45 00 87 00  FA 00 14 00  32 00 00 00  00 00 00 00  00 1E 05 00  E0 01 F0 00  00 00 F4 01  5A 00 C8 00  00 00 00 00  12 00 00 00  36 00 00 00  15 00 00 00  0C 00 00 00  DA 00 3C 01  14 01 00 00  01 3C 1E 0A  00 00 0A 50  14 00 00 00  03 28 23 19  00 00 0F 64  00 00 00 00  00 00 00 00  00 00 00 00 
dragonoid        1E 01  03 03 1A 00  50 04 00 00  32 00 50 00  C3 00 62 00  5E 00 84 00  C0 00 14 00  32 00 00 00  06 00 FB 00  00 00 0A 00  58 02 2C 01  00 00 F4 01  78 00 C8 00  00 00 00 00  20 00 00 00  1F 00 00 00  2A 00 00 00  3F 00 00 00  D2 00 40 00  0F 03 00 00  01 4B 0F 0A  00 00 00 00  00 00 00 00  00 00 00 00  00 00 00 00  00 00 00 00  00 00 00 00  00 00 00 00 
naga queen       1F 02  0D 06 2B 00  27 38 00 00  78 00 E0 01  F8 00 CB 00  4A 00 B8 00  FA 00 0F 00  1E 00 00 00  00 00 F9 00  08 EA 0F 00  B4 00 A4 01  00 00 F4 01  96 00 C8 00  00 01 00 00  77 01 00 00  00 00 00 00  80 02 00 00  20 03 00 00  46 00 C2 02  02 78 00 00  01 32 0F 19  0A 00 02 1E  14 19 0A 0F  03 32 1E 14  00 00 0F 46  0A 0A 0A 00  00 00 00 00  00 00 00 00 
valmar young     22 02  0E 08 31 00  58 20 00 00  2C 01 30 02  38 01 B4 00  53 00 91 00  E6 00 0F 00  1E 00 00 00  00 00 00 00  00 E0 0A 00  78 00 E0 01  00 00 F4 01  AA 00 C8 00  00 01 00 00  2C 01 00 00  EE 02 00 00  00 00 00 00  A9 01 00 00  7B 00 CC 02  0A 7D 00 00  01 3C 05 14  0F 00 03 28  1E 14 0A 00  00 00 00 00  00 00 00 00  00 00 00 00  00 00 00 00  00 00 00 00 
valmar fly       23 01  08 08 30 00  2C 10 00 00  00 00 00 00  02 01 A0 00  8B 00 86 00  C0 00 14 00  32 00 00 00  00 00 00 00  00 00 05 00  2C 01 2C 01  00 00 F4 01  50 00 C8 00  00 01 00 00  4B 00 00 00  77 01 00 00  00 00 00 00  7D 00 00 00  66 00 E2 00  0A 7D 00 00  01 64 00 00  00 00 00 00  00 00 00 00  00 00 00 00  00 00 00 00  00 00 00 00  00 00 00 00  00 00 00 00 
yeti             33 01  05 05 2C 00  92 09 00 00  00 00 00 00  F5 00 6B 00  44 00 99 00  FA 00 14 00  32 00 00 00  00 05 08 FA  00 80 14 00  58 02 68 01  00 00 F4 01  64 00 C8 00  00 00 00 00  4A 00 00 00  09 00 00 00  04 00 00 00  75 00 00 00  D6 00 A6 02  0A 7D 00 00  01 64 00 00  00 00 00 00  00 00 00 00  00 00 00 00  00 00 00 00  00 00 00 00  00 00 00 00  00 00 00 00 
venomous larva   34 01  02 02 26 00  47 07 00 00  00 00 00 00  CC 00 59 00  34 00 82 00  20 01 14 00  32 00 00 00  07 00 00 00  FC 00 0A 00  58 02 A4 01  00 00 F4 01  6E 00 C8 00  00 00 00 00  39 00 00 00  48 00 00 00  34 00 00 00  38 00 00 00  70 00 A1 00  0F 05 00 00  01 64 00 00  00 00 00 00  00 00 00 00  00 00 00 00  00 00 00 00  00 00 00 00  00 00 00 00  00 00 00 00 
salamadile       35 01  03 03 29 00  BD 06 00 00  00 00 00 00  FE 00 64 00  3C 00 80 00  0D 01 14 00  32 00 00 00  0A FA 00 00  FB 00 05 00  58 02 4A 01  00 00 F4 01  6E 00 C8 00  00 00 00 00  46 00 00 00  1E 00 00 00  54 00 00 00  44 00 00 00  CE 00 E6 02  0A 03 00 00  01 64 00 00  00 00 00 00  00 00 00 00  00 00 00 00  00 00 00 00  00 00 00 00  00 00 00 00  00 00 00 00 
flame toad       38 01  03 03 1E 00  39 04 00 00  00 00 00 00  B9 00 5B 00  64 00 76 00  C0 00 14 00  32 00 00 00  08 00 03 FE  FA 00 05 00  94 02 E0 01  00 00 F4 01  5A 00 C8 00  00 00 00 00  23 00 00 00  14 00 00 00  20 00 00 00  12 00 00 00  D8 00 1C 03  0F 05 00 00  01 64 00 00  00 00 00 00  00 00 00 00  00 00 00 00  00 00 00 00  00 00 00 00  00 00 00 00  00 00 00 00 
immune cell      39 01  01 01 27 00  EB 06 00 00  00 00 C8 00  D7 00 79 00  50 00 9C 00  E6 00 14 00  32 00 00 00  00 FC 00 0A  00 08 00 00  58 02 2C 01  00 00 F4 01  6E 00 C8 00  00 00 00 00  40 00 00 00  54 00 00 00  29 00 00 00  40 00 00 00  F4 00 AA 01  0A 7A 00 00  01 55 0F 00  00 00 00 00  00 00 00 00  00 00 00 00  00 00 00 00  00 00 00 00  00 00 00 00  00 00 00 00 
giant mantis     3A 01  02 02 0F 00  E3 01 00 00  00 00 00 00  7A 00 52 00  4E 00 50 00  E6 00 14 00  32 00 00 00  FC 07 00 00  00 00 0A 00  0C 03 F0 00  00 00 F4 01  64 00 C8 00  00 00 00 00  05 00 00 00  0B 00 00 00  12 00 00 00  17 00 00 00  69 00 41 00  0F 03 00 00  01 64 00 00  00 00 00 00  00 00 00 00  00 00 00 00  00 00 00 00  00 00 00 00  00 00 00 00  00 00 00 00 
dodo             3B 01  01 01 0A 00  09 01 00 00  00 00 00 00  6E 00 3A 00  62 00 6E 00  C0 00 14 00  32 00 00 00  00 00 00 00  00 00 00 00  48 03 0E 01  00 00 F4 01  64 00 C8 00  00 00 00 00  06 00 00 00  0A 00 00 00  08 00 00 00  07 00 00 00  6A 00 72 00  14 05 00 00  01 64 00 00  00 00 00 00  00 00 00 00  00 00 00 00  00 00 00 00  00 00 00 00  00 00 00 00  00 00 00 00 
pit viper        3C 01  03 03 20 00  DA 04 00 00  00 00 00 00  C5 00 65 00  65 00 7A 00  C0 00 14 00  32 00 00 00  05 00 FB 00  00 04 05 00  1C 02 2C 01  00 00 F4 01  64 00 C8 00  00 00 00 00  34 00 00 00  2D 00 00 00  2F 00 00 00  2F 00 00 00  7D 00 D9 00  14 05 00 00  01 64 00 00  00 00 00 00  00 00 00 00  00 00 00 00  00 00 00 00  00 00 00 00  00 00 00 00  00 00 00 00 
dino freezer     3E 01  03 03 27 00  39 08 00 00  00 00 F0 00  0E 01 6E 00  63 00 BA 00  C0 00 14 00  32 00 00 00  F9 00 00 00  08 80 14 00  58 02 F0 00  00 00 F4 01  8C 00 C8 00  00 00 00 00  4E 00 00 00  7A 00 00 00  30 00 00 00  86 00 00 00  D8 00 C5 01  0A 7A 00 00  01 46 1E 00  00 00 00 00  00 00 00 00  00 00 00 00  00 00 00 00  00 00 00 00  00 00 00 00  00 00 00 00 
leck guarder     3F 02  0B 05 2A 00  62 43 00 00  00 00 EE 02  11 01 DB 00  3E 00 8B 00  0D 01 0F 00  1E 00 00 00  09 00 00 00  00 C9 19 00  F0 00 58 02  00 00 F4 01  A0 00 C8 00  00 01 00 00  90 01 00 00  E2 04 00 00  00 00 00 00  00 00 00 00  00 00 C6 01  00 64 00 00  01 32 32 00  00 00 00 00  00 00 00 00  00 00 00 00  00 00 00 00  00 00 00 00  00 00 00 00  00 00 00 00 
scaly warrior    40 01  05 05 1E 00  36 05 00 00  00 00 E6 00  C3 00 6C 00  29 00 7C 00  20 01 14 00  32 00 00 00  00 00 00 FC  00 00 0A 00  68 01 F0 00  00 00 F4 01  50 00 C8 00  00 00 00 00  2D 00 00 00  33 00 00 00  17 00 00 00  5D 00 00 00  68 00 3F 00  0F 03 00 00  01 46 1E 00  00 00 00 00  00 00 00 00  00 00 00 00  00 00 00 00  00 00 00 00  00 00 00 00  00 00 00 00 
nyarmot          42 01  05 05 29 00  81 07 00 00  00 00 DC 00  EB 00 55 00  46 00 A2 00  FA 00 14 00  32 00 00 00  07 00 FD 00  00 00 0A 00  58 02 2C 01  00 00 F4 01  50 00 C8 00  00 00 00 00  51 00 00 00  43 00 00 00  27 00 00 00  61 00 00 00  1B 02 7C 00  7D 0A 00 00  01 4B 19 00  00 00 00 00  00 00 00 00  00 00 00 00  00 00 00 00  00 00 00 00  00 00 00 00  00 00 00 00 
ancient warrior  43 01  07 07 2D 00  2A 09 00 00  00 00 68 01  47 01 80 00  3F 00 92 00  0D 01 14 00  32 00 0F 00  08 00 00 00  F9 82 0A 00  58 02 0E 01  00 00 F4 01  50 00 C8 00  00 00 00 00  61 00 00 00  56 00 00 00  0E 00 00 00  C4 00 00 00  97 00 0A 02  0A 7D 00 00  01 41 0A 19  00 00 00 00  00 00 00 00  00 00 00 00  00 00 00 00  00 00 00 00  00 00 00 00  00 00 00 00 
tarantula        44 01  02 02 26 00  B5 05 00 00  00 00 5A 00  E7 00 63 00  3C 00 74 00  0D 01 14 00  32 00 00 00  00 00 00 00  00 04 05 00  58 02 68 01  00 00 F4 01  64 00 C8 00  00 00 00 00  35 00 00 00  5E 00 00 00  2B 00 00 00  2D 00 00 00  7C 00 D7 00  0F 0A 00 00  01 50 14 00  00 00 00 00  00 00 00 00  00 00 00 00  00 00 00 00  00 00 00 00  00 00 00 00  00 00 00 00 
killer tree      45 01  06 06 2C 00  61 0A 00 00  00 00 18 01  7E 01 8D 00  47 00 4B 00  FA 00 14 00  32 00 00 00  09 00 FA 00  00 80 0F 00  58 02 B4 00  00 00 F4 01  50 00 C8 00  00 00 00 00  75 00 00 00  22 00 00 00  06 00 00 00  BA 00 00 00  46 00 47 00  01 7D 00 00  01 46 1E 00  00 00 00 00  00 00 00 00  00 00 00 00  00 00 00 00  00 00 00 00  00 00 00 00  00 00 00 00 
giant crab       46 01  02 02 13 00  84 02 00 00  00 00 50 00  98 00 46 00  45 00 56 00  FA 00 14 00  32 00 00 00  00 00 05 00  00 00 05 00  D0 02 F0 00  00 00 F4 01  3C 00 C8 00  00 00 00 00  24 00 00 00  25 00 00 00  25 00 00 00  0C 00 00 00  72 00 D3 00  0A 02 00 00  01 50 14 00  00 00 00 00  00 00 00 00  00 00 00 00  00 00 00 00  00 00 00 00  00 00 00 00  00 00 00 00 
snow leopard     47 01  04 04 2A 00  AA 14 00 00  40 01 00 00  0B 01 BF 00  66 00 A5 00  C0 00 14 00  32 00 1E 00  FB 00 00 00  0A 82 0A 00  A4 01 2C 01  00 00 F4 01  78 00 C8 00  00 00 00 00  96 00 00 00  AF 00 00 00  A0 00 00 00  96 00 00 00  CF 00 1B 03  0A 01 00 00  01 28 14 0A  1E 00 03 28  0F 23 0A 00  06 19 28 14  0F 00 00 00  00 00 00 00  00 00 00 00  00 00 00 00 
desert diver     48 01  04 04 25 00  D7 05 00 00  00 00 FA 00  AD 00 5F 00  3C 00 7F 00  0D 01 14 00  32 00 00 00  06 F8 0A 00  00 00 05 00  2C 01 D2 00  00 00 F4 01  46 00 C8 00  00 00 00 00  38 00 00 00  3A 00 00 00  2C 00 00 00  7E 00 00 00  86 00 DD 02  0A 02 00 00  01 46 05 19  00 00 03 3C  0F 19 00 00  00 00 00 00  00 00 0F 5A  00 0A 00 00  00 00 00 00  00 00 00 00 
dual fist        49 02  0C 02 32 00  5A 55 00 00  00 00 94 02  5A 01 98 00  49 00 9E 00  FA 00 0F 00  1E 00 00 00  00 FB 00 00  09 CA 0A 00  68 01 1C 02  00 00 F4 01  C8 00 C8 00  00 01 00 00  C2 01 00 00  40 06 00 00  00 00 00 00  B0 04 00 00  47 00 8C 02  02 78 00 00  01 32 14 1E  00 00 00 00  00 00 00 00  00 00 00 00  00 00 00 00  00 00 00 00  00 00 00 00  00 00 00 00 
evil maneuver    4A 01  07 07 2A 00  C3 08 00 00  F0 00 04 01  1A 01 74 00  35 00 67 00  20 01 14 00  32 00 00 00  00 00 FD 08  00 0A 0A 00  58 02 F0 00  00 00 F4 01  82 00 C8 00  00 00 00 00  69 00 00 00  72 00 00 00  3B 00 00 00  20 00 00 00  CD 00 45 00  0A 03 00 00  01 28 19 0A  14 05 0D 32  19 0F 05 05  00 00 00 00  00 00 0F 3C  14 0F 00 05  00 00 00 00  00 00 00 00 
emerald bird     4B 01  01 01 2D 00  5B 08 00 00  A0 00 40 01  35 01 7B 00  51 00 F4 00  C0 00 14 00  32 00 00 00  FC 00 00 00  07 80 05 00  E0 01 4A 01  00 00 F4 01  78 00 C8 00  00 00 00 00  6C 00 00 00  60 00 00 00  9C 00 00 00  0F 01 00 00  8E 00 E3 00  0A 7D 00 00  01 41 0A 05  0F 05 00 00  00 00 00 00  00 00 00 00  00 00 00 00  00 00 00 00  00 00 00 00  00 00 00 00 
death doberman   4C 01  04 04 2C 00  0B 08 00 00  0E 01 00 00  23 01 8B 00  50 00 AD 00  C0 00 14 00  32 00 00 00  FD 0A 00 00  00 00 05 00  58 02 0E 01  00 00 F4 01  82 00 C8 00  00 00 00 00  53 00 00 00  0D 00 00 00  73 00 00 00  6A 00 00 00  7B 00 59 02  0A 7D 00 00  01 3C 0A 19  05 00 00 00  00 00 00 00  00 00 00 00  00 00 00 00  00 00 00 00  00 00 00 00  00 00 00 00 
mind eater       4D 01  07 07 2F 00  E2 09 00 00  18 01 4A 01  07 01 86 00  2B 00 1D 01  20 01 14 00  32 00 00 00  00 00 00 09  FD 0A 05 00  A4 01 2C 01  00 00 F4 01  50 00 C8 00  00 00 00 00  80 00 00 00  0C 00 00 00  1B 00 00 00  8E 00 00 00  C7 02 8E 00  79 0A 00 00  01 23 1E 14  0F 00 00 00  00 00 00 00  00 00 00 00  00 00 0F 3C  14 0F 05 00  00 00 00 00  00 00 00 00 
vein brain       4E 01  07 07 1C 00  98 03 00 00  82 00 00 00  99 00 7A 00  50 00 C4 00  E6 00 14 00  32 00 00 00  FB 00 00 07  00 0C 00 00  C0 03 86 01  00 00 F4 01  5A 00 C8 00  00 00 00 00  11 00 00 00  08 00 00 00  41 00 00 00  48 00 00 00  D0 00 44 00  0F 03 00 00  01 1E 3C 0A  00 00 03 3C  0A 1E 00 00  00 00 00 00  00 00 0F 55  0A 05 00 00  00 00 00 00  00 00 00 00 
devil            4F 01  06 06 32 00  0E 1A 00 00  76 02 00 00  2F 01 A6 00  48 00 CC 00  FA 00 14 00  32 00 05 00  05 00 00 00  FE A0 05 00  1E 00 F0 00  00 00 F4 01  64 00 C8 00  00 01 00 00  14 00 00 00  0E 01 00 00  40 01 00 00  F0 00 00 00  E4 02 E9 00  7A 02 00 00  01 19 0A 14  0F 1E 00 00  00 00 00 00  00 00 00 00  00 00 00 00  00 00 00 00  00 00 00 00  00 00 00 00 
dragon knight    50 01  03 03 2A 00  92 09 00 00  3C 00 22 01  3B 01 82 00  5F 00 9E 00  C0 00 14 00  32 00 00 00  00 FA 00 06  00 80 0A 00  58 02 2C 01  00 00 F4 01  78 00 C8 00  00 00 00 00  5C 00 00 00  62 00 00 00  49 00 00 00  AB 00 00 00  5E 01 66 00  7A 0A 00 00  01 3C 14 0F  05 00 00 00  00 00 00 00  00 00 00 00  00 00 00 00  00 00 00 00  00 00 00 00  00 00 00 00 
guardian         51 02  0D 06 32 00  5E 4C 00 00  04 01 B2 02  44 01 C2 00  4A 00 D5 00  FA 00 0A 00  1E 00 00 00  00 00 FB 08  05 ED 0F 00  96 00 2C 01  00 00 F4 01  96 00 C8 00  00 01 00 00  F4 01 00 00  00 00 00 00  D0 07 00 00  40 06 00 00  47 00 A5 01  02 78 00 00  01 1E 19 0F  0A 14 00 00  00 00 00 00  00 00 00 00  00 00 0F 3C  19 0F 00 00  00 00 00 00  00 00 00 00 
valmar magna     54 02  0E 08 33 00  D8 59 00 00  B8 01 BC 02  50 01 E1 00  4F 00 B2 00  E6 00 0A 00  1E 00 00 00  05 00 00 00  00 E0 0A 00  0E 01 2C 01  00 00 F4 01  B4 00 C8 00  00 01 00 00  58 02 00 00  32 00 00 00  2C 01 00 00  DC 05 00 00  87 01 65 00  01 14 00 00  01 28 0F 14  19 00 00 00  00 00 00 00  00 00 00 00  00 00 0F 46  05 0A 0F 00  00 00 00 00  00 00 00 00 
valmar moth      55 01  08 08 33 00  60 0E 00 00  00 00 00 00  2F 01 F2 00  8E 00 68 00  C0 00 0F 00  32 00 00 00  07 00 00 00  00 80 05 00  3C 00 78 00  00 00 F4 01  5A 00 C8 00  00 00 00 00  64 00 00 00  3C 00 00 00  32 00 00 00  50 00 00 00  7B 00 CC 00  0A 01 00 00  01 64 00 00  00 00 00 00  00 00 00 00  00 00 00 00  00 00 00 00  00 00 00 00  00 00 00 00  00 00 00 00 

                        TY TY LV     HP           MP    SP     VIT   AGI    SPD   MEN    STA   IPS    IPCS  EV EVM FI WI EA LT  BZ ST RKB?   TREC   TDMG        THEAL  SIZE            NO        XP           SKILLCOINS   MAGICCOINS   GP           ITEM1 ITEM2  %1 %2        AI Start           AI start            AI start           AI start            AI Start           ?? ??
valmar tongue #1 01 03  15 08 19 00  34 21 00 00  68 01 70 03  85 00 8C 00  28 00 99 00  20 01 0A 00  32 00 00 00  FC 00 00 00  03 DE 23 00  F0 00 A4 01  00 00 F4 01  C8 00 C8 00  00 01 00 00  F4 01 00 00  B0 04 00 00  20 03 00 00  00 00 00 00  00 00 34 00  00 64 00 00  01 28 00 0F  19 14 00 0A  28 19 0F 0A  00 0A 14 19  1E 0F 00 14  19 0F 0A 1E  00 00 00 00  00 00 00 00 
right hand #1    00 04  16 08 19 00  F8 11 00 00  00 00 E0 01  A4 00 69 00  28 00 50 00  20 01 0A 00  32 00 00 00  FE 00 03 00  00 8B 23 00  E0 01 F0 00  00 00 F4 01  64 00 C8 00  00 01 00 00  00 00 00 00  00 00 00 00  00 00 00 00  00 00 00 00  00 00 0F 02  00 64 00 00  01 32 32 00  00 00 00 64  00 00 00 00  00 00 00 00  00 00 00 00  00 00 00 00  00 00 00 00  00 00 00 00 
left hand #1     00 04  17 08 19 00  F8 11 00 00  00 00 E0 01  9B 00 7D 00  28 00 5A 00  20 01 0A 00  32 00 00 00  04 00 00 00  FC 8A 23 00  E0 01 F0 00  00 00 F4 01  64 00 C8 00  00 01 00 00  00 00 00 00  00 00 00 00  00 00 00 00  00 00 00 00  00 00 DD 02  00 64 00 00  01 32 32 00  00 00 00 64  00 00 00 00  00 00 00 00  00 00 00 00  00 00 00 00  00 00 00 00  00 00 00 00 
tongue head #1   00 04  18 08 19 00  B4 14 00 00  70 03 68 01  6D 00 58 00  28 00 A5 00  20 01 0A 00  32 00 00 00  00 00 00 00  00 AC 23 00  68 01 2C 01  00 00 F4 01  64 00 C8 00  00 01 00 00  00 00 00 00  00 00 00 00  00 00 00 00  20 03 00 00  00 00 00 00  00 00 00 00  01 0F 32 0A  19 00 00 23  00 14 0F 1E  00 00 1E 14  0F 23 00 00  3C 19 0F 00  00 00 00 00  00 00 00 00 
valmar eye #1    02 03  1A 08 1E 00  80 3E 00 00  84 03 14 05  BE 00 B5 00  28 00 91 00  20 01 0A 00  32 00 00 00  00 00 08 00  00 FE 1E 00  2C 01 68 01  00 00 F4 01  C8 00 C8 00  00 01 00 00  20 03 00 00  08 07 00 00  08 07 00 00  00 00 00 00  00 00 CD 02  00 64 00 00  01 05 32 1E  0F 00 00 14  23 2D 00 00  00 0A 19 23  1E 00 00 23  0F 1E 14 00  00 00 00 00  00 00 00 00 
right tendril #1 00 04  1B 08 1E 00  34 21 00 00  00 00 84 03  B0 00 94 00  28 00 7D 00  20 01 0A 00  32 00 00 00  00 00 00 00  00 8C 1E 00  E0 01 F0 00  00 00 F4 01  5A 00 C8 00  00 01 00 00  00 00 00 00  00 00 00 00  00 00 00 00  00 00 00 00  00 00 8D 01  00 64 00 00  01 64 00 00  00 00 00 28  3C 00 00 00  00 00 64 00  00 00 00 00  00 00 00 00  00 00 00 00  00 00 00 00 
left tendril #1  00 04  1C 08 1E 00  34 21 00 00  00 00 84 03  B0 00 6E 00  28 00 7D 00  20 01 0A 00  32 00 00 00  00 00 00 00  00 8A 1E 00  E0 01 F0 00  00 00 F4 01  5A 00 C8 00  00 01 00 00  00 00 00 00  00 00 00 00  00 00 00 00  00 00 00 00  00 00 C0 02  00 64 00 00  01 46 1E 00  00 00 00 1E  46 00 00 00  00 00 64 00  00 00 00 00  00 00 00 00  00 00 00 00  00 00 00 00 
eyeball bat #1   00 05  1D 08 1E 00  A0 0F 00 00  00 00 C2 01  97 00 AF 00  6E 00 8C 00  C0 00 0F 00  32 00 00 00  00 00 05 00  00 91 05 00  68 01 68 01  00 00 F4 01  46 00 C8 00  00 01 00 00  00 00 00 00  00 00 00 00  00 00 00 00  2C 01 00 00  00 00 00 00  00 00 00 00  01 46 1E 00  00 00 00 64  00 00 00 00  00 00 00 00  00 00 00 00  00 00 00 00  00 00 00 00  00 00 00 00 
valmar claw      03 03  1F 08 23 00  80 3E 00 00  4E 02 4C 04  11 01 B1 00  32 00 9E 00  20 01 0A 00  1E 00 00 00  00 00 FB 00  00 FE 28 00  F0 00 E0 01  00 00 F4 01  AA 00 C8 00  00 01 00 00  E8 03 00 00  60 09 00 00  B0 04 00 00  00 00 00 00  00 00 37 00  00 64 00 00  01 0F 19 0A  14 1E 00 0A  28 14 19 05  00 0A 0F 0A  1E 23 00 00  1E 14 32 00  00 00 00 00  00 00 00 00 
right arm        00 04  20 08 23 00  10 27 00 00  F4 01 58 02  60 01 8B 00  32 00 5F 00  20 01 0A 00  1E 00 00 00  00 00 FD 00  07 9A 28 00  E0 01 F0 00  00 00 F4 01  5A 00 C8 00  00 01 00 00  00 00 00 00  00 00 00 00  00 00 00 00  00 00 00 00  00 00 C9 02  00 64 00 00  01 0F 3C 00  00 19 00 14  00 28 0F 19  00 00 00 00  00 00 00 00  00 00 00 00  00 00 00 00  00 00 00 00 
left arm         00 04  21 08 23 00  F8 2A 00 00  94 02 26 02  EA 00 9D 00  32 00 ED 00  20 01 0A 00  1E 00 00 00  00 00 F9 05  00 BC 28 00  E0 01 F0 00  00 00 F4 01  5A 00 C8 00  00 01 00 00  00 00 00 00  00 00 00 00  00 00 00 00  34 08 00 00  00 00 00 00  00 00 00 00  01 14 32 00  00 1E 00 1E  00 19 0A 23  00 00 00 00  00 00 00 00  00 00 00 00  00 00 00 00  00 00 00 00 
melfice #1       04 03  24 08 28 00  20 4E 00 00  E8 03 4C 04  3E 01 FA 00  C2 01 C3 00  60 00 0A 00  1E 00 64 00  00 00 00 00  00 FE 19 00  78 00 E0 01  00 00 F4 01  50 00 C8 00  53 01 00 00  DC 05 00 00  10 0E 00 00  08 07 00 00  00 00 00 00  00 00 CC 02  00 64 00 00  01 32 19 0F  00 0A 00 00  32 1E 00 14  00 00 14 0F  19 28 00 19  28 14 0A 05  00 00 00 00  00 00 00 00 
sword #1         00 04  25 08 28 00  B0 36 00 00  00 00 00 00  40 02 7D 00  C2 01 6E 00  60 00 0A 00  1E 00 00 00  FD FD FD FD  FD DF 19 00  68 01 1C 02  00 00 F4 01  46 00 C8 00  53 01 00 00  00 00 00 00  00 00 00 00  00 00 00 00  00 00 00 00  00 00 32 01  00 64 00 00  01 64 00 00  00 00 00 00  00 00 00 00  00 00 00 00  00 00 00 00  00 00 00 00  00 00 00 00  00 00 00 00 
regenerator #1   00 04  26 08 28 00  68 42 00 00  8A 02 00 00  C0 00 AA 00  C2 01 FC 01  60 00 0A 00  1E 00 00 00  00 00 00 00  00 B8 19 00  F0 00 1C 02  00 00 F4 01  3C 00 C8 00  53 01 00 00  00 00 00 00  00 00 00 00  00 00 00 00  00 00 00 00  00 00 38 00  00 64 00 00  01 0A 14 28  0F 0F 00 28  0A 14 0F 0F  00 0A 00 28  1E 14 00 32  00 1E 00 14  00 00 00 00  00 00 00 00 
melfice #2       04 03  24 08 28 00  38 4A 00 00  48 03 B6 03  E7 03 3C 01  96 00 E7 03  C0 00 0A 00  1E 00 64 00  05 FB 00 00  00 FF 19 10  78 00 E0 01  00 00 F4 01  50 00 C8 00  53 01 00 00  00 00 00 00  00 00 00 00  00 00 00 00  00 00 00 00  00 00 00 00  00 00 00 00  01 1E 46 00  00 00 00 0A  5A 00 00 00  00 00 32 00  00 32 00 00  00 32 14 1E  00 00 00 00  00 00 00 00 
sword #2         00 04  25 08 28 00  F8 2A 00 00  00 00 00 00  E7 03 96 00  96 00 E7 03  C0 00 0A 00  1E 00 64 00  00 07 00 00  00 FF 19 10  68 01 1C 02  00 00 F4 01  46 00 C8 00  53 01 00 00  00 00 00 00  00 00 00 00  00 00 00 00  00 00 00 00  00 00 00 00  00 00 00 00  01 64 00 00  00 00 00 00  00 00 00 00  00 00 00 00  00 00 00 00  00 00 00 00  00 00 00 00  00 00 00 00 
regenerator #2   00 04  26 08 28 00  C8 32 00 00  58 02 00 00  E7 03 AE 00  96 00 E7 03  C0 00 0A 00  1E 00 64 00  00 00 03 FD  00 FF 19 10  F0 00 1C 02  00 00 F4 01  3C 00 C8 00  53 01 00 00  00 00 00 00  00 00 00 00  00 00 00 00  00 00 00 00  00 00 00 00  00 00 00 00  01 1E 14 32  00 00 00 32  00 32 00 00  00 00 14 00  50 00 00 00  64 00 00 00  00 00 00 00  00 00 00 00 
valmar body      05 03  29 08 2C 00  B8 88 00 00  DC 05 DC 05  4A 01 FA 00  00 00 C8 00  C0 00 0A 00  32 00 00 00  FE 00 00 03  00 FE 00 00  2C 01 2C 01  00 00 F4 01  2C 01 C8 00  00 01 00 00  40 06 00 00  70 17 00 00  70 17 00 00  00 00 00 00  00 00 CF 02  00 64 00 00  01 3C 0A 14  0A 00 00 28  0F 05 0A 1E  00 14 1E 28  0A 00 00 19  23 14 0A 0A  00 00 00 00  00 00 00 00 
right tentacle   00 05  2A 08 2C 00  D8 59 00 00  00 00 00 00  4A 01 2C 01  00 00 C8 00  C0 00 0F 00  1E 00 00 00  06 00 FA 00  00 98 00 00  68 01 F0 00  00 00 F4 01  2C 01 C8 00  00 01 00 00  00 00 00 00  00 00 00 00  00 00 00 00  00 00 00 00  00 00 A8 01  00 64 00 00  01 64 00 00  00 00 00 00  00 00 00 00  00 00 00 00  00 00 00 00  00 00 00 00  00 00 00 00  00 00 00 00 
left tentacle    00 05  2B 08 2C 00  D8 59 00 00  00 00 00 00  4A 01 2C 01  00 00 C8 00  C0 00 0F 00  1E 00 00 00  00 00 FD 00  08 98 00 00  68 01 F0 00  00 00 F4 01  2C 01 C8 00  00 01 00 00  00 00 00 00  00 00 00 00  00 00 00 00  A0 0F 00 00  00 00 00 00  00 00 00 00  01 64 00 00  00 00 00 00  00 00 00 00  00 00 00 00  00 00 00 00  00 00 00 00  00 00 00 00  00 00 00 00 
valmar heart #1  06 03  2E 08 2D 00  A8 61 00 00  00 00 E8 03  51 01 FA 00  64 00 CD 00  C0 00 0A 00  32 00 00 00  00 FC 05 00  02 FE 1E 00  F0 00 68 01  00 00 F4 01  DC 00 C8 00  00 01 00 00  08 07 00 00  40 1F 00 00  40 1F 00 00  00 00 00 00  00 00 28 02  00 64 00 00  01 23 05 0A  32 00 00 1E  14 32 00 00  00 32 0F 23  00 00 00 0F  32 23 00 00  00 00 00 00  00 00 00 00 
left eye #1      00 04  30 08 2D 00  20 4E 00 00  20 03 00 00  44 01 96 00  64 00 AF 00  C0 00 0A 00  1E 00 00 00  00 00 06 00  FC A8 1E 00  F0 00 2C 01  00 00 F4 01  5A 00 C8 00  00 01 00 00  00 00 00 00  00 00 00 00  00 00 00 00  00 00 00 00  00 00 A2 02  00 64 00 00  01 14 28 0F  19 00 00 00  3C 1E 0A 00  00 14 32 0F  0F 00 00 00  32 0A 0A 1E  00 00 00 00  00 00 00 00 
right eye #1     00 04  2F 08 2D 00  20 4E 00 00  20 03 00 00  25 01 FA 00  64 00 9B 00  C0 00 0A 00  1E 00 00 00  FC 00 07 00  00 A8 1E 00  F0 00 2C 01  00 00 F4 01  5A 00 C8 00  00 01 00 00  00 00 00 00  00 00 00 00  00 00 00 00  94 11 00 00  00 00 00 00  00 00 00 00  01 14 19 0A  0F 1E 00 00  19 1E 19 14  00 32 0F 14  0F 00 00 00  00 00 1E 46  00 00 00 00  00 00 00 00 
egg guardian     07 02  33 08 30 00  40 9C 00 00  6C 02 D0 02  32 01 5E 01  00 00 CB 00  00 00 0A 00  1E 00 00 00  03 06 FA 00  00 F6 00 00  B4 00 A4 01  00 00 F4 01  78 00 C8 00  00 01 00 00  D0 07 00 00  10 27 00 00  10 27 00 00  00 00 00 00  00 00 1E 02  00 64 00 00  01 00 23 14  0F 1E 00 32  1E 00 14 00  00 00 19 0F  3C 00 00 00  32 1E 14 00  00 00 00 00  00 00 00 00 
bit              00 05  34 08 30 00  70 17 00 00  00 00 18 01  FB 00 FA 00  64 00 9A 00  C0 00 0F 00  32 00 0F 00  00 00 05 00  00 10 0A 00  E0 01 78 00  00 00 F4 01  3C 00 C8 00  00 01 00 00  00 00 00 00  00 00 00 00  00 00 00 00  84 03 00 00  00 00 00 00  00 00 00 00  01 46 1E 00  00 00 00 64  00 00 00 00  00 32 32 00  00 00 00 46  1E 00 00 00  00 00 00 00  00 00 00 00 
valmar core      08 03  38 08 37 00  E8 FD 00 00  00 00 B0 04  B6 01 20 01  1E 00 62 01  20 01 00 00  0F 00 00 00  02 00 00 05  00 FF 32 00  78 00 E0 01  00 00 F4 01  A0 00 C8 00  55 01 00 00  00 00 00 00  00 00 00 00  00 00 00 00  00 00 00 00  00 00 00 00  00 00 00 00  01 14 1E 28  0A 00 00 0A  1E 28 14 00  00 14 1E 32  00 00 00 00  23 0F 00 32  00 00 00 00  00 00 00 00 
middle head      00 04  39 08 37 00  20 CB 00 00  00 00 84 03  CB 01 6E 00  1E 00 50 01  20 01 00 00  0F 00 00 00  02 00 00 05  00 FB 32 00  96 00 68 01  00 00 F4 01  3C 00 C8 00  79 01 00 00  00 00 00 00  00 00 00 00  00 00 00 00  00 00 00 00  00 00 00 00  00 00 00 00  01 00 64 00  00 00 00 0A  5A 00 00 00  00 00 00 00  00 00 00 00  00 00 00 00  00 00 00 00  00 00 00 00 
right head       00 04  3B 08 37 00  40 9C 00 00  08 02 CC 01  9A 01 A2 00  1E 00 67 01  20 01 00 00  0F 00 00 00  02 00 00 05  00 FF 32 00  96 00 68 01  00 00 58 02  3C 00 C8 00  55 01 00 00  00 00 00 00  00 00 00 00  00 00 00 00  00 00 00 00  00 00 00 00  00 00 00 00  01 0A 0F 00  05 46 00 00  0A 0F 05 46  00 14 0F 23  1E 00 00 14  0A 19 0F 1E  00 00 00 00  00 00 00 00 
left head        00 04  3A 08 37 00  C8 AF 00 00  08 02 CC 01  88 01 D6 00  1E 00 49 01  20 01 00 00  0F 00 00 00  02 00 00 05  00 F9 32 00  96 00 68 01  00 00 F4 01  3C 00 C8 00  55 01 00 00  00 00 00 00  00 00 00 00  00 00 00 00  00 00 00 00  00 00 00 00  00 00 00 00  01 00 0F 19  0A 32 00 0A  28 05 14 19  00 0A 19 1E  14 0F 00 0A  14 1E 0F 19  00 00 00 00  00 00 00 00 
valmar tongue #2 01 03  15 08 34 00  78 69 00 00  68 01 70 03  05 01 8C 00  28 00 89 00  20 01 0A 00  14 00 00 00  00 00 00 00  00 DE 23 00  F0 00 A4 01  00 00 F4 01  C8 00 C8 00  00 01 00 00  B8 0B 00 00  A0 0F 00 00  E8 03 00 00  00 00 00 00  00 00 51 02  00 64 00 00  01 00 0A 1E  19 23 00 14  0A 28 1E 00  00 0A 00 28  32 00 00 0F  00 1E 14 23  00 00 00 00  00 00 00 00 
right hand #2    00 04  16 08 34 00  50 46 00 00  00 00 58 02  60 01 69 00  28 00 71 01  20 01 0A 00  14 00 00 00  00 00 00 00  00 89 23 00  E0 01 F0 00  00 00 F4 01  64 00 C8 00  00 01 00 00  00 00 00 00  00 00 00 00  00 00 00 00  00 00 00 00  00 00 97 00  00 64 00 00  01 00 64 00  00 00 00 14  50 00 00 00  00 00 00 00  00 00 00 00  00 00 00 00  00 00 00 00  00 00 00 00 
left hand #2     00 04  17 08 34 00  50 46 00 00  00 00 58 02  60 01 7D 00  28 00 71 01  20 01 0A 00  14 00 00 00  00 00 00 00  00 88 23 00  E0 01 F0 00  00 00 F4 01  64 00 C8 00  00 01 00 00  00 00 00 00  00 00 00 00  00 00 00 00  00 00 00 00  00 00 6F 00  00 64 00 00  01 00 64 00  00 00 00 14  50 00 00 00  00 00 00 00  00 00 00 00  00 00 00 00  00 00 00 00  00 00 00 00 
tongue head #2   00 04  18 08 34 00  E0 2E 00 00  70 03 68 01  AC 02 A0 00  28 00 42 02  20 01 0A 00  14 00 00 00  00 00 00 00  00 2A 23 00  68 01 2C 01  00 00 F4 01  64 00 C8 00  55 01 00 00  00 00 00 00  00 00 00 00  00 00 00 00  00 00 00 00  00 00 8D 00  00 64 00 00  01 28 14 19  0A 05 00 32  05 0A 14 0F  00 00 1E 14  0A 28 00 00  0A 28 1E 14  00 00 00 00  00 00 00 00 
valmar eye #2    02 03  1A 08 35 00  A8 61 00 00  84 03 14 05  19 01 B5 00  28 00 BA 00  20 01 0A 00  14 00 00 00  00 00 00 00  00 FE 1E 00  2C 01 E0 01  00 00 F4 01  C8 00 C8 00  00 01 00 00  B8 0B 00 00  A0 0F 00 00  E8 03 00 00  00 00 00 00  00 00 A0 02  00 64 00 00  01 1E 0A 14  28 00 00 1E  3C 0A 00 00  00 0A 19 0F  32 00 00 1E  23 0A 19 00  00 00 00 00  00 00 00 00 
right tendril #2 00 04  1B 08 35 00  A8 61 00 00  00 00 84 03  F7 00 94 00  28 00 D5 00  20 01 0A 00  14 00 00 00  00 00 00 00  00 88 1E 00  3C 00 A4 01  00 00 F4 01  5A 00 C8 00  00 01 00 00  00 00 00 00  00 00 00 00  00 00 00 00  00 00 00 00  00 00 8D 00  00 64 00 00  01 14 50 00  00 00 00 0A  5A 00 00 00  00 00 64 00  00 00 00 00  00 00 00 00  00 00 00 00  00 00 00 00 
left tendril #2  00 04  1C 08 35 00  A8 61 00 00  00 00 84 03  F7 00 84 00  28 00 D5 00  20 01 0A 00  14 00 00 00  00 00 00 00  00 88 1E 00  3C 00 A4 01  00 00 F4 01  5A 00 C8 00  00 01 00 00  00 00 00 00  00 00 00 00  00 00 00 00  00 00 00 00  00 00 6F 00  00 64 00 00  01 1E 46 00  00 00 00 1E  46 00 00 00  00 00 64 00  00 00 00 00  00 00 00 00  00 00 00 00  00 00 00 00 
eyeball bat #2   00 05  1D 08 35 00  A8 61 00 00  00 00 30 02  E0 00 12 01  64 00 EB 00  C0 00 0A 00  14 00 00 00  00 00 00 00  00 10 05 00  68 01 68 01  00 00 F4 01  46 00 C8 00  55 01 00 00  00 00 00 00  00 00 00 00  00 00 00 00  00 00 00 00  00 00 66 00  00 64 00 00  01 5A 0A 00  00 00 00 64  00 00 00 00  00 00 00 00  00 00 00 00  00 00 00 00  00 00 00 00  00 00 00 00 
valmar heart #2  06 03  2E 08 36 00  A8 61 00 00  30 02 B0 04  34 01 FA 00  64 00 D7 00  C0 00 0A 00  14 00 00 00  0A 0A 0A 0A  0A FF 1E 00  78 00 68 01  00 00 F4 01  DC 00 C8 00  00 01 00 00  B8 0B 00 00  A0 0F 00 00  E8 03 00 00  00 00 00 00  00 00 14 02  00 64 00 00  01 28 0A 1E  14 00 00 1E  0A 19 23 00  00 28 0F 23  0A 00 00 14  19 28 0F 00  00 00 00 00  00 00 00 00 
left eye #2      00 04  30 08 36 00  20 4E 00 00  20 03 00 00  11 01 96 00  64 00 B0 00  C0 00 0A 00  14 00 00 00  0A 0A 0A 0A  0A 2C 1E 00  78 00 68 01  00 00 F4 01  5A 00 C8 00  55 01 00 00  00 00 00 00  00 00 00 00  00 00 00 00  00 00 00 00  00 00 65 00  00 64 00 00  01 14 28 19  0F 00 00 00  3C 1E 0A 00  00 14 28 19  0F 00 00 00  23 14 0F 1E  00 00 00 00  00 00 00 00 
right eye #2     00 04  2F 08 36 00  20 4E 00 00  20 03 00 00  52 01 FA 00  64 00 9B 00  C0 00 0A 00  14 00 00 00  0A 0A 0A 0A  0A 2C 1E 00  78 00 68 01  00 00 F4 01  5A 00 C8 00  55 01 00 00  00 00 00 00  00 00 00 00  00 00 00 00  00 00 00 00  00 00 6F 00  00 64 00 00  01 14 0A 19  0F 1E 00 1E  0A 28 14 00  00 0F 05 14  0A 32 00 14  00 1E 00 32  00 00 00 00  00 00 00 00 
zera valmar      09 03  3D 08 38 00  9F 86 01 00  88 13 00 00  ED 00 F4 01  28 00 9C 00  20 01 05 00  14 00 00 00  00 00 00 00  00 FF 1E 00  96 00 A4 01  00 00 F4 01  5A 00 C8 00  55 01 00 00  00 00 00 00  00 00 00 00  00 00 00 00  00 00 00 00  00 00 00 00  00 00 00 00  01 14 0F 19  28 00 08 05  0A 1E 0F 28  0A 28 19 05  0A 14 0F 1E  14 14 14 0A  00 00 00 00  00 00 00 00 
millenia #1      00 02  10 05 0B 00  A0 86 01 00  50 00 4D 00  6A 00 7F 00  42 00 46 00  C0 00 0F 00  1E 00 05 0F  00 00 00 00  00 FF 0A 00  39 03 36 01  E0 01 D2 00  3C 00 AA 00  00 01 00 00  00 00 00 00  00 00 00 00  00 00 00 00  00 00 00 00  00 00 00 00  00 00 00 00  01 19 19 19  19 00 00 00  00 00 00 00  00 00 00 00  00 00 00 00  00 00 00 00  00 00 00 00  00 00 00 00 
beast-man        00 02  11 05 10 00  C0 12 00 00  31 00 90 00  96 00 90 00  58 00 3D 00  C0 00 0F 00  1E 00 05 0F  00 00 00 00  00 CA 28 00  EE 02 40 01  E0 01 D2 00  50 00 C8 00  00 01 00 00  96 00 00 00  64 00 00 00  00 00 00 00  00 00 00 00  00 00 00 00  00 00 00 00  01 46 1E 00  00 00 00 00  00 00 00 00  00 00 00 00  00 00 00 00  00 00 00 00  00 00 00 00  00 00 00 00 
eyeball bat      00 01  1D 08 1E 00  AC 0D 00 00  00 00 72 01  94 00 69 00  64 00 7E 00  C0 00 0F 00  32 00 00 00  00 00 05 00  00 91 05 00  68 01 68 01  00 00 F4 01  46 00 C8 00  00 01 00 00  32 00 00 00  E1 00 00 00  E1 00 00 00  C3 00 00 00  00 00 35 00  00 78 00 00  01 5A 0A 00  00 00 03 64  00 00 00 00  00 00 00 00  00 00 00 00  00 00 00 00  00 00 00 00  00 00 00 00 
tio clone        00 02  12 05 2B 00  30 75 00 00  BE 00 A5 00  12 01 1A 01  C4 00 A8 00  C0 00 0A 00  1E 00 64 00  00 00 00 00  00 DB 0F 00  52 03 2C 01  E0 01 D2 00  3C 00 9B 00  55 01 00 00  84 03 00 00  A0 0F 00 00  A0 0F 00 00  00 00 00 00  00 00 A9 01  00 64 00 00  01 14 1E 0F  14 0F 00 00  00 00 00 00  00 00 00 00  00 00 00 00  00 00 00 00  00 00 00 00  00 00 00 00 
millenia #2      00 02  13 05 30 00  D8 59 00 00  F7 00 C0 00  23 01 E0 00  68 00 9B 00  C0 00 0A 00  1E 00 00 00  00 00 00 00  00 E0 0A 00  39 03 36 01  E0 01 D2 00  3C 00 AA 00  00 01 00 00  00 00 00 00  B8 0B 00 00  00 00 00 00  00 00 00 00  00 00 69 01  00 64 00 00  01 32 0A 14  0A 0A 00 00  00 00 00 00  00 00 00 00  00 00 00 00  00 00 00 00  00 00 00 00  00 00 00 00 




























TY - Monster type
	01(0x01) Bird
	02(0x02) Bug
	03(0x03) Reptile
	04(0x04) Animal
	05(0x05) Humanoid
	06(0x06) Unknown
	07(0x07) Undead
	08(0x08) Valmar(?)
	09(0x09) Unknown
	10(0x0A) Unknown
	11(0x0B) Unknown
	12(0x0C) Unknown
	13(0x0D) Unknown
	14(0x0E) Unknown
	15(0x0F) Unknown
LV - Level
HP -
VIT -
AGI - ACTION
SPD - MOVE
MEN - MENTAL
STA - Stamina(Duration enemy can move before getting "tired out")
IPS - IP Delay Stun(Duration Enemy IP does not move after damage)
IPCS - IP Delay Cancel Stun(Duration Enemy IP does not move after being cancelled)
EV - EVASION
EVM - EVASION WHILE MOVING
FI,WI,EA,LT,BZ - ELEMENT RESIST
ST - STATUS RESIST
	001(0x01) Poison
	002(0x02) Sleep
	004(0x04) Paralysis
	008(0x08) Confusion
	016(0x10) Plague
	032(0x20) Magic Block
	064(0x40) Move Block
	128(0x80) Death
NO - Toggle ability to escape
EXP - 
SKILLCOINS -
MAGICCOINS -
GP -
ITEM# - Dropped Item
% - % chance of drop
STR -
AI Start - Enemy AI controls
	1 byte Entry condition
	1 byte % chance to use 1st enemy move
	1 byte % chance to use 2nd enemy move
	1 byte % chance to use 3rd enemy move
	1 byte % chance to use 4th enemy move
	1 byte % chance to use 5th enemy move