				                                                         *MP     SP    ?  T1  STR   POW    AD    T2 ?   DIS   ACC    Range  Cast  Rec   MG DF  IP    IPC    KB    EL Elm ST %C AT DF  AC MV SP
MOTTLED SPIDER 'ATTACK'		20 00 20 00  20 00 20 00  20 00 20 00  20 00 36 F0  37 F0 00 00  00 00 01 05  32 00 73 00  32 00 04 01  14 00 64 00  00 00 3C 00  0F 27 00 00  00 00 00 00  32 00 00 00  00 00 00 00  00 00 00 00  
MOTTLED SPIDER 'WEB TRAP'	20 00 20 00  20 00 20 00  20 00 32 F2  AE 00 EB 00  E0 00 00 00  0C 00 04 05  32 00 78 00  64 00 04 00  00 00 00 00  00 00 50 00  E0 2E 00 00  DC 05 B8 0B  00 00 00 00  00 00 00 00  00 FF 00 00
MOTTLED SPIDER 'POWER CRUSH'                                                              00 00  22 00 09 05  7D 00 7C 01  64 00 04 00  00 00 00 00  00 00 0E 01  98 3A 00 01  B8 0B 88 13  BC 02 01 04  40 32 00 00  00 00 00 00

FENNY BIRD 'ATTACK'                                                                       00 00  00 00 01 05  A5 00 0E 01  64 00 04 01  0A 00 6E 00  00 00 1E 00  0F 27 00 00  F4 01 00 00  78 00 00 09  00 00 00 00  00 00 00 00
FENNY BIRD 'POWER PRESS'                                                                  00 00  10 00 09 05  64 00 04 01  46 00 04 00  00 00 00 00  00 00 0E 01  C8 32 00 01  C4 09 B8 0B  00 00 00 00  00 00 00 00  00 00 00 00

DODO 'ATTACK'			20 00 20 00  20 00 20 00  20 00 20 00  20 00 36 F0  37 F0 00 00  00 00 01 05  32 00 82 00  1E 00 04 01  0A 00 6E 00  00 00 3C 00  0F 27 00 00  00 00 00 00  78 00 04 07  00 00 00 00  00 00 00 00
GARGOYLE 'ATTACK'		20 00 20 00  20 00 20 00  20 00 20 00  20 00 36 F0  37 F0 00 00  00 00 01 05  32 00 8C 00  32 00 04 01  08 00 B4 00  00 00 3C 00  0F 27 00 00  00 00 00 00  78 00 01 07  00 00 00 00  00 00 00 00
GARGOYLE 'Howl'			20 00 20 00  20 00 20 00  20 00 D3 00  E6 00 27 00  A6 00 09 00  00 00 09 06  32 00 6E 00  64 00 05 00  00 00 00 00  58 02 2C 01  E0 2E 05 00  E8 03 00 00  64 00 01 0A  00 00 00 00  00 00 00 00 
GARGOYLE 'Howlslash'		20 00 D3 00  E6 00 27 00  BB 00 EB 00  C4 00 B9 00  E6 00 0E 00  00 00 09 06  32 00 A0 00  64 00 07 00  00 00 00 00  2C 01 68 01  B0 36 06 01  DC 05 00 00  C8 00 01 0A  00 00 00 00  00 00 00 00  
CRAG SNAKE 'ATTACK'		20 00 20 00  20 00 20 00  20 00 20 00  20 00 36 F0  37 F0 00 00  00 00 01 05  37 00 8C 00  46 00 04 01  90 01 64 00  00 00 3C 00  0F 27 00 00  E8 03 00 00  32 00 02 08  01 0A 00 00  00 00 00 00
FROST FROG 'ATTACK'		20 00 20 00  20 00 20 00  20 00 20 00  20 00 36 F0  37 F0 00 00  00 00 01 05  37 00 7D 00  46 00 04 01  C5 00 64 00  00 00 3C 00  0F 27 00 00  00 00 00 00  96 00 04 08  00 00 00 00  00 00 00 00
TROGLODYTE 'ATTACK'		20 00 20 00  20 00 20 00  20 00 20 00  20 00 36 F0  37 F0 00 00  00 00 01 05  37 00 8C 00  3C 00 04 01  78 00 64 00  00 00 3C 00  0F 27 00 00  00 00 00 00  32 00 04 07  00 00 00 00  00 00 00 00
TROGLODYTE 'SLEEP SPAWN'	20 00 BB 00  EC 00 27 00  D8 00 BB 00  DE 00 27 00  EA 00 00 00  10 00 24 05  37 00 96 00  64 00 04 00  00 00 00 00  00 00 2C 01  E0 2E 00 00  D0 07 00 00  00 00 00 00  02 50 00 00  00 00 00 00
MINOTAUR 'ATTACK'		20 00 20 00  20 00 20 00  20 00 20 00  20 00 36 F0  37 F0 00 00  00 00 04 05  5A 00 78 00  64 00 04 01  50 00 78 00  00 00 1E 00  0F 27 00 00  00 00 00 00  C8 00 02 07  00 00 00 00  00 00 00 00
MINOTAUR 'TORNADO HORN'		20 00 C9 00  ED 00 CE 00  27 00 CA 00  DC 00 27 00  EA 00 00 00  18 00 01 05  5A 00 AA 00  96 00 04 00  00 00 00 00  00 00 F0 00  98 3A 00 01  A0 0F 88 13  00 00 02 09  08 4B 00 00  00 00 00 00
MANTIS 'ATTACK'			20 00 20 00  20 00 20 00  20 00 20 00  20 00 36 F0  37 F0 00 00  00 00 01 05  46 00 82 00  3C 00 04 01  54 00 64 00  00 00 3C 00  0F 27 00 00  00 00 00 00  3C 00 01 07  00 00 00 00  00 00 00 00
SANDMAN 'ATTACK'		20 00 20 00  20 00 20 00  20 00 20 00  20 00 36 F0  37 F0 00 00  00 00 01 05  46 00 87 00  32 00 04 01  2C 00 78 00  00 00 3C 00  0F 27 00 00  00 00 00 00  32 00 02 05  00 00 00 00  00 00 00 00
SANDMAN 'SAND SPRAY'		20 00 20 00  B7 00 EA 00  CA 00 BB 00  D8 00 EE 00  27 00 00 00  0C 00 01 05  46 00 82 00  3C 00 04 00  00 00 00 00  00 00 B4 00  E0 2E 00 00  E8 03 00 00  1E 00 02 0A  00 00 00 00  00 FF 00 00
SANDMAN 'EARTH BREAK'		20 00 20 00  A4 00 27 00  BB 00 D7 00  EE 00 A6 00  B1 00 00 00  18 00 06 05  46 00 8C 00  96 00 04 00  00 00 00 00  00 00 2C 01  C8 32 00 01  B8 0B 88 13  78 00 02 08  00 00 00 00  00 00 00 00
GHOUL 'ATTACK'			20 00 20 00  20 00 20 00  20 00 20 00  20 00 36 F0  37 F0 00 00  00 00 01 05  4B 00 8C 00  55 00 04 01  F4 01 64 00  00 00 3C 00  0F 27 00 00  00 00 00 00  1E 00 04 04  00 00 00 00  00 00 00 00
GHOUL 'POWER DRAIN'		20 00 20 00  D2 00 20 F0  27 00 CA 00  EE 00 A6 00  EA 00 00 00  1C 00 09 05  4B 00 DC 00  55 00 04 00  00 00 00 00  00 00 F0 00  98 3A 00 00  B8 0B 88 13  28 00 04 06  00 00 00 00  00 00 28 00
GHOUL 'ICE PRICKLE'		20 00 A4 00  A6 00 BB 00  D8 00 EC 00  C4 00 B1 00  ED 00 00 00  22 00 07 05  4B 00 A0 00  55 00 05 00  00 00 00 00  90 01 B4 00  C8 32 00 01  E8 03 B8 0B  46 00 04 07  00 00 00 00  00 00 00 00
GHOUL 'Gravity'			20 00 20 00  20 00 20 00  DF 00 B2 00  CE 00 A6 00  CA 00 08 00  00 00 01 0F  00 00 00 00  00 00 05 00  00 00 00 00  20 03 96 00  E0 2E 14 00  00 00 00 00  00 00 00 00  00 00 00 00  00 00 0C 00
VALMAR'S TONGUE 'ATTACK'	20 00 20 00  20 00 20 00  20 00 20 00  20 00 36 F0  37 F0 00 00  00 00 01 05  7D 00 64 00  5A 00 04 01  D6 01 96 00  00 00 1E 00  28 23 00 00  00 00 00 00  64 00 00 00  00 00 00 00  00 00 00 00
VALMAR'S TONGUE 'STARVE TONGUE'	20 00 20 00  20 00 20 00  20 00 BB F7  A3 F4 80 00  C3 F4 00 00  37 00 02 06  7D 00 91 00  64 00 06 00  00 00 00 00  00 00 0E 01  C8 32 00 01  00 00 00 00  64 00 00 00  00 00 00 00  00 00 00 00
VALMAR'S TONGUE 'GLUTTONY'	20 00 20 00  20 00 20 00  20 00 20 00  20 00 86 F2  A3 F4 00 00  0F 00 17 05  7D 00 AA 00  64 00 05 00  00 00 00 00  90 01 F0 00  E0 2E 00 01  D0 07 88 13  00 00 00 00  00 00 00 FF  00 00 00 00
VALMAR'S TONGUE 'HUGE LEAP'	20 00 20 00  20 00 20 00  20 00 20 00  42 F0 38 F5  D9 F5 00 00  21 00 02 05  7D 00 78 00  5A 00 06 00  00 00 00 00  00 00 78 00  C8 32 00 01  E8 03 00 00  96 00 00 00  00 00 00 00  00 00 00 00
VALMAR'S TONGUE 'Freeze'	20 00 20 00  20 00 20 00  20 00 20 00  D5 00 AF 00  EA 00 05 00  00 00 02 07  00 00 00 00  00 00 06 00  00 00 00 00  00 00 B4 00  E0 2E 27 00  00 00 00 00  00 00 00 00  00 00 00 00  00 FF 00 00
VT'S RIGHT HAND 'ATTACK'	20 00 20 00  20 00 20 00  20 00 20 00  20 00 36 F0  37 F0 00 00  00 00 01 05  7D 00 8C 00  50 00 04 01  58 02 96 00  00 00 1E 00  28 23 00 00  00 00 00 00  50 00 00 00  00 00 00 00  00 00 00 00
VT'S RIGHT HAND 'SPEW VENOM'	20 00 20 00  20 00 9E F2  CB F0 7C 00  61 00 A5 F5  57 00 00 00  10 00 06 05  7D 00 E6 00  50 00 05 00  00 00 00 00  2C 01 F0 00  98 3A 00 00  D0 07 00 00  78 00 00 00  01 1E 00 00  00 00 00 00
VT's LEFT HAND 'ATTACK'		20 00 20 00  20 00 20 00  20 00 20 00  20 00 36 F0  37 F0 00 00  00 00 08 05  7D 00 8C 00  78 00 04 01  58 02 96 00  00 00 1E 00  28 23 00 00  00 00 00 00  50 00 00 00  00 00 00 00  00 00 00 00
VT's LEFT HAND 'FLAMETHROWER'	20 00 20 00  20 00 C6 F0  E6 F1 7C 00  61 00 A5 F5  57 00 00 00  0C 00 04 05  7D 00 E6 00  78 00 05 00  00 00 00 00  2C 01 F0 00  98 3A 00 00  D0 07 00 00  78 00 00 07  00 00 00 00  00 00 00 00
VT'S HEAD 'EAT EM ALIVE'	20 00 20 00  20 00 20 00  20 00 D9 F5  9C 00 AC F4  57 00 00 00  12 00 08 05  7D 00 2C 01  64 00 04 00  00 00 00 00  00 00 2C 01  50 46 00 01  B8 0B 58 1B  64 00 00 00  08 46 00 00  00 00 00 00
VT'S HEAD 'Burn'		20 00 20 00  20 00 20 00  20 00 22 F0  A3 00 27 00  EA 00 06 00  00 00 09 06  7D 00 3C 00  5A 00 04 00  00 00 00 00  00 00 96 00  F8 2A 01 00  00 00 00 00  50 00 00 0A  00 00 00 00  00 00 00 00
VT'S HEAD 'Burnflame'		20 00 20 00  22 F0 A3 00  EA 00 D6 00  EE 00 A6 00  E1 00 10 00  00 00 01 06  7D 00 82 00  5A 00 05 00  00 00 00 00  58 02 F0 00  E0 2E 02 00  00 00 00 00  32 00 00 0A  00 00 00 00  00 00 00 00
VT'S HEAD 'Snooze'		20 00 20 00  20 00 20 00  20 00 E1 00  27 00 CC 00  E4 00 05 00  00 00 02 07  00 00 00 00  00 00 06 00  00 00 00 00  00 00 D2 00  98 3A 0A 00  00 00 00 00  00 00 00 00  02 1E 00 00  00 00 00 00
VT'S HEAD 'Heal'		20 00 20 00  20 00 20 00  20 00 20 00  B3 00 EF 00  DF 00 06 00  00 00 27 01  00 00 20 03  64 00 01 00  00 00 00 00  00 00 B4 00  E0 2E 0B 00  00 00 00 00  00 00 00 00  00 00 00 00  00 00 00 00
BIGFOOT 'ATTACK'		20 00 20 00  20 00 20 00  20 00 20 00  20 00 36 f0  37 f0 00 00  00 00 01 05  55 00 c8 00  55 00 04 01  96 00 64 00  00 00 3c 00  0f 27 00 00  00 00 00 00  78 00 04 09  00 00 00 00  00 00 00 00
GIANT CRAB 'ATTACK'		20 00 20 00  20 00 20 00  20 00 20 00  20 00 36 f0  37 f0 00 00  00 00 01 05  5a 00 c8 00  64 00 04 01  3b 00 64 00  00 00 3c 00  0f 27 00 00  00 00 00 00  32 00 02 07  01 14 00 00  00 00 00 00
GIANT CRAB 'SLEEP DANCE'	20 00 20 00  20 00 20 00  b5 f2 27 f1  c2 00 ea 00  bb 00 00 00  12 00 24 05  5a 00 d2 00  64 00 04 00  00 00 00 00  00 00 d2 00  c8 32 00 01  e8 03 b8 0b  00 00 02 08  02 4b 00 00  00 00 00 00
CATERPILLAR 'ATTACK'		20 00 20 00  20 00 20 00  20 00 20 00  20 00 36 f0  37 f0 00 00  00 00 14 05  5a 00 96 00  5a 00 04 01  32 00 2c 01  00 00 1e 00  0f 27 00 00  00 00 00 00  1e 00 02 0a  01 14 00 00  00 00 00 00 
HAMMERHEAD 'ATTACK'		20 00 20 00  20 00 20 00  20 00 20 00  20 00 36 f0  37 f0 00 00  00 00 01 05  5f 00 d2 00  46 00 04 01  64 00 6e 00  00 00 3c 00  0f 27 00 00  00 00 00 00  50 00 03 05  00 00 00 00  00 00 00 00
HAMMERHEAD 'GIGA SPREAD'	20 00 20 00  b0 00 ae 00  bb 00 d8 00  ee 00 c4 00  ca 00 00 00  24 00 0d 05  5f 00 0e 01  46 00 06 00  00 00 00 00  58 02 d2 00  c8 32 00 00  d0 07 b8 0b  82 00 03 09  04 1e 00 00  00 00 00 00	
TWIN OGRE 'THROW BUDDY'		20 00 20 00  20 00 bb 00  ef 00 a8 00  d1 00 c8 00  a5 00 00 00  1a 00 06 05  5f 00 fa 00  64 00 04 00  00 00 00 00  00 00 b4 00  e0 2e 00 01  e8 03 b8 0b  96 00 02 08  00 00 00 ff  00 00 00 00
EYEBALL BAT 'ATTACK'		20 00 20 00  20 00 20 00  20 00 20 00  20 00 36 f0  37 f0 00 00  00 00 05 05  96 00 be 00  50 00 04 01  64 00 64 00  00 00 3c 00  0f 27 00 00  00 00 00 00  64 00 00 00  00 00 00 00  00 00 00 00
EYEBALL BAT 'DELTA BURST'	20 00 20 00  c8 00 ed 00  c1 00 d1 00  27 00 bb 00  c9 00 00 00  25 00 01 05  96 00 0e 01  96 00 04 00  00 00 00 00  00 00 0e 01  c8 32 00 00  e8 03 b8 0b  00 00 00 00  00 00 00 00  00 00 00 00
STAR MIRAGE 'ATTACK'		20 00 20 00  20 00 20 00  20 00 20 00  20 00 36 f0  37 f0 00 00  00 00 01 05  64 00 96 00  46 00 04 01  c8 00 82 00  00 00 3c 00  0f 27 00 00  00 00 00 00  78 00 00 00  00 00 00 00  00 00 00 00 
STAR MIRAGE 'POWER PRESS'	20 00 20 00  20 00 d2 00  20 f0 27 00  d8 00 ee 00  bb 00 00 00  10 00 09 05  64 00 04 01  46 00 04 00  00 00 00 00  00 00 0e 01  c8 32 00 01  c4 09 b8 0b  00 00 00 00  00 00 00 00  00 00 00 00
HELLHOUND 'ATTACK'		20 00 20 00  20 00 20 00  20 00 20 00  20 00 36 f0  37 f0 00 00  00 00 09 05  41 00 c8 00  64 00 04 01  1e 00 64 00  00 00 1e 00  0f 27 00 00  00 00 00 00  50 00 00 07  00 00 00 00  00 00 00 00
HELLHOUND 'Burnflame'		20 00 20 00  22 f0 a3 00  ea 00 d6 00  ee 00 a6 00  e1 00 10 00  00 00 05 06  69 00 82 00  6e 00 05 00  00 00 00 00  58 02 d2 00  e0 2e 02 00  00 00 00 00  32 00 00 0a  00 00 00 00  00 00 00 00
HELLHOUND 'Wow!'		20 00 20 00  20 00 20 00  20 00 20 00  20 00 20 f0  ac 00 05 00  00 00 03 04  00 00 00 00  00 00 01 00  00 00 00 00  00 00 78 00  f8 2a 18 00  00 00 00 00  00 00 00 00  00 00 02 00  00 00 00 00
VE 'SPELLBINDING EYE'		20 00 20 00  20 00 20 00  20 00 5f f2  80 f7 80 00  63 f5 00 00  3c 00 05 0f  00 00 d0 02  00 00 04 00  00 00 00 00  00 00 2c 01  b0 36 00 00  00 00 00 00  00 00 00 00  00 00 00 00  00 00 0e 00
VE 'POLLEN SPEW'		20 00 20 00  20 00 20 00  20 00 34 f2  a6 f5 49 f4  61 f1 00 00  18 00 15 05  96 00 a0 00  c8 00 05 00  00 00 00 00  90 01 96 00  e0 2e 00 00  e8 03 d0 07  00 00 00 00  08 1e 00 00  00 00 00 00
VE 'Crackle'			20 00 20 00  20 00 20 00  20 00 b9 00  e4 00 af 00  a4 00 10 00  00 00 09 06  96 00 82 00  18 01 04 00  00 00 00 00  00 00 d2 00  c8 32 24 01  a0 0f 00 00  32 00 04 0a  00 00 00 00  00 00 00 00 
VE 'Runner'			20 00 20 00  20 00 20 00  20 00 20 00  eb 00 ea 00  cb 00 03 00  00 00 02 04  00 00 00 00  00 00 03 00  00 00 00 00  00 00 78 00  0f 27 08 00  00 00 00 00  00 00 00 00  00 00 00 00  00 01 00 00
VRE 'ATTACK'			20 00 20 00  20 00 20 00  20 00 20 00  20 00 36 f0  37 f0 00 00  00 00 01 05  96 00 2c 01  64 00 04 01  c8 00 96 00  00 00 1e 00  28 23 00 00  00 00 00 00  64 00 00 00  00 00 00 00  00 00 00 00
VRE 'SEED OF POISON'		20 00 20 00  20 00 20 00  20 00 cb f0  a6 f0 80 00  a6 f1 00 00  0c 00 14 05  96 00 04 01  82 00 05 00  00 00 00 00  90 01 b4 00  e0 2e 00 00  d0 07 00 00  1e 00 00 00  01 28 00 00  00 00 00 00
VLE 'ATTACK'			20 00 20 00  20 00 20 00  20 00 20 00  20 00 36 f0  37 f0 00 00  00 00 01 05  96 00 2c 01  64 00 04 01  c8 00 96 00  00 00 1e 00  28 23 00 00  00 00 00 00  64 00 00 00  00 00 00 00  00 00 00 00
VLE 'SEED OF SLEEP'		20 00 20 00  20 00 20 00  20 00 b5 f2  27 f1 80 00  a6 f1 00 00  0f 00 01 05  96 00 d2 00  64 00 05 00  00 00 00 00  90 01 b4 00  e0 2e 00 00  d0 07 00 00  1e 00 00 00  02 46 00 00  00 00 00 00
EYEBALL BAT(2) 'ATTACK'		20 00 20 00  20 00 20 00  20 00 20 00  20 00 36 f0  37 f0 00 00  00 00 09 05  96 00 be 00  50 00 04 01  64 00 64 00  00 00 3c 00  0f 27 00 00  00 00 00 00  64 00 00 00  00 00 00 00  00 00 00 00
EYEBALL BAT(2) 'DELTA BURST'	20 00 20 00  c8 00 ed 00  c1 00 d1 00  27 00 bb 00  c9 00 00 00  25 00 01 05  96 00 0e 01  96 00 04 00  00 00 00 00  00 00 0e 01  c8 32 00 00  e8 03 b8 0b  00 00 00 00  00 00 00 00  00 00 00 00
CHAMELEON 'ATTACK'		20 00 20 00  20 00 20 00  20 00 20 00  20 00 36 f0  37 f0 00 00  00 00 01 05  6e 00 aa 00  a0 00 04 01  5b 00 64 00  00 00 3c 00  0f 27 00 00  00 00 00 00  3c 00 00 00  01 0f 00 00  00 00 00 00
LAND COUGAR 'ATTACK'		20 00 20 00  20 00 20 00  20 00 20 00  20 00 36 f0  37 f0 00 00  00 00 01 05  78 00 be 00  82 00 04 01  64 00 64 00  00 00 1e 00  0f 27 00 00  00 00 00 00  78 00 01 07  00 00 00 00  00 00 00 00
LAND COUGAR 'Shhh!'		20 00 20 00  20 00 20 00  20 00 20 00  20 00 b9 00  ea 00 0a 00  00 00 20 07  00 00 00 00  00 00 05 00  00 00 00 00  90 01 b4 00  c8 32 09 00  00 00 00 00  00 00 00 00  20 1e 00 00  00 00 00 00
LAND COUGAR 'Runnner'		20 00 20 00  20 00 20 00  20 00 20 00  eb 00 ea 00  cb 00 03 00  00 00 02 04  00 00 00 00  00 00 03 00  00 00 00 00  00 00 5a 00  f8 2a 08 00  00 00 00 00  00 00 00 00  00 00 00 00  00 02 00 00
LAND COUGAR 'Howl'		20 00 20 00  20 00 20 00  20 00 d3 00  e6 00 27 00  a6 00 09 00  00 00 05 06  78 00 a0 00  46 00 05 00  00 00 00 00  58 02 96 00  e0 2e 05 00  e8 03 00 00  64 00 01 0a  00 00 00 00  00 00 00 00
LAND COUGAR 'Howlslash'		20 00 d3 00  e6 00 27 00  bb 00 eb 00  c4 00 b9 00  e6 00 0e 00  00 00 07 06  78 00 a0 00  78 00 07 00  00 00 00 00  2c 01 d2 00  98 3a 06 01  dc 05 00 00  c8 00 01 0a  00 00 00 00  00 00 00 00

				                                                         *MP     SP    ?  T1  STR   POW    AD    T2 ?   DIS   ACC    Range  Cast  Rec   MG DF  IP    IPC    KB    EL Elm ST %C AT DF  AC MV SP
DRAGONOID 'ATTACK'		20 00 20 00  20 00 20 00  20 00 20 00  20 00 36 f0  37 f0 00 00  00 00 01 05  78 00 a0 00  64 00 04 01  82 00 78 00  00 00 3c 00  0f 27 00 00  00 00 00 00  64 00 00 00  00 00 00 00  00 00 00 00
DRAGONOID 'FIREBALL'		20 00 20 00  20 00 20 00  20 00 20 00  c6 f0 e6 f1  28 f1 00 00  10 00 06 05  78 00 2c 01  64 00 04 00  00 00 00 00  00 00 d2 00  98 3a 00 01  b8 0b 88 13  c8 00 00 08  00 00 00 fe  00 00 00 00
DRAGONOID 'Burnflame'		20 00 20 00  22 f0 a3 00  ea 00 d6 00  ee 00 a6 00  e1 00 10 00  00 00 07 06  78 00 96 00  64 00 05 00  00 00 00 00  58 02 b4 00  c8 32 02 00  00 00 00 00  32 00 00 0a  00 00 00 00  00 00 00 00
SKULL SNAIL 'ATTACK'		20 00 20 00  20 00 20 00  20 00 20 00  20 00 36 f0  37 f0 00 00  00 00 01 05  7d 00 b4 00  64 00 04 01  8c 00 64 00  00 00 3c 00  0f 27 00 00  00 00 00 00  50 00 04 05  00 00 00 00  00 00 00 00
SKULL SNAIL 'BLOODSUCKING'	20 00 20 00  20 00 20 00  20 00 20 00  82 f2 81 f2  6d f2 00 00  16 00 09 05  7d 00 4a 01  78 00 04 00  00 00 00 00  00 00 d2 00  98 3a 00 01  b8 0b b8 0b  28 00 04 08  00 00 00 00  00 00 28 00
SKULL SNAIL 'Fiora'		20 00 20 00  20 00 20 00  20 00 d6 00  a5 00 ac 00  eb 00 0c 00  00 00 1f 07  00 00 00 00  00 00 05 00  00 00 00 00  90 01 96 00  e0 2e 28 00  00 00 00 00  00 00 00 00  40 32 00 00  00 00 00 00
SKULL SNAIL 'Poizn'		20 00 20 00  20 00 20 00  20 00 20 00  20 00 de 00  bc 00 0f 00  00 00 14 06  7d 00 46 00  64 00 05 00  00 00 00 00  58 02 b4 00  c8 32 1e 00  00 00 00 00  00 00 00 00  01 3c 00 00  00 00 00 00 
WARP WARRIOR 'ATTACK'		20 00 20 00  20 00 20 00  20 00 20 00  20 00 36 f0  37 f0 00 00  00 00 01 05  7d 00 d2 00  64 00 04 01  74 00 64 00  00 00 3c 00  0f 27 00 00  00 00 00 00  50 00 01 03  00 00 00 00  00 00 00 00
WARP WARRIOR 'AIR SLASH'	20 00 20 00  aa 00 a4 00  bb 00 eb 00  c4 00 b9 00  e6 00 00 00  2a 00 07 05  7d 00 b4 00  64 00 05 00  00 00 00 00  90 01 d2 00  c8 32 00 00  f4 01 00 00  96 00 01 09  00 00 00 00  00 00 00 00
WARP WARRIOR 'POWER CRUSH'	20 00 d2 00  20 f0 27 00  b1 00 eb 00  c4 00 b9 00  e6 00 00 00  22 00 09 05  7d 00 7c 01  64 00 04 00  00 00 00 00  00 00 0e 01  98 3a 00 01  b8 0b 88 13  bc 02 01 04  40 32 00 00  00 00 00 00
VEIN BRAIN 'ATTACK'		20 00 20 00  20 00 20 00  20 00 20 00  20 00 36 f0  37 f0 00 00  00 00 01 05  82 00 96 00  46 00 04 01  32 00 6e 00  00 00 3c 00  0f 27 00 00  00 00 00 00  1e 00 03 06  00 00 00 00  00 00 00 00
VEIN BRAIN 'Stram'		20 00 20 00  20 00 20 00  20 00 bb 00  c9 00 eb 00  e1 00 06 00  00 00 01 07  00 00 00 00  00 00 04 00  00 00 00 00  00 00 78 00  e0 2e 1d 00  00 00 00 00  00 00 00 00  00 00 fe 00  00 00 00 00
VEIN BRAIN 'Zap'		20 00 20 00  20 00 20 00  20 00 20 00  eb 00 a6 00  ae 00 18 00  00 00 22 06  82 00 64 00  96 00 05 00  00 00 00 00  58 02 b4 00  c8 32 19 00  e8 03 00 00  32 00 03 0a  04 0f 00 00  00 00 00 00
VALMAR'S CLAW 'ATTACK'		20 00 20 00  20 00 20 00  20 00 20 00  20 00 36 f0  37 f0 00 00  00 00 01 05  af 00 f0 00  64 00 04 01  d2 00 be 00  00 00 3c 00  34 21 00 01  00 00 00 00  96 00 00 00  00 00 00 00  00 00 00 00
VALMAR'S CLAW 'INFERNAL SIGH'	20 00 20 00  20 00 20 00  e6 f1 98 f2  80 00 b4 f2  e1 f4 00 00  1c 00 07 05  af 00 04 01  78 00 05 00  00 00 00 00  90 01 78 00  e0 2e 00 00  d0 07 00 00  32 00 00 08  00 00 00 00  00 00 00 00
VALMAR'S CLAW 'AVENGING CLAW'	20 00 20 00  20 00 20 00  20 00 7b f2  e5 f6 80 00  7f f7 00 00  2a 00 09 06  af 00 ea 01  96 00 04 00  00 00 00 00  00 00 d2 00  c8 32 00 00  94 11 00 00  00 00 00 00  00 00 00 00  00 00 00 00
VALMAR'S CLAW 'TAIL PIERCER'	20 00 20 00  c7 00 a6 00  ed 00 d5 00  a4 00 b7 00  27 00 00 00  23 00 06 05  af 00 22 01  c8 00 04 00  00 00 00 00  00 00 96 00  98 3a 00 01  70 17 88 13  50 00 00 00  00 00 00 00  00 00 00 00
VALMAR'S CLAW 'Gravity'		20 00 20 00  20 00 20 00  df 00 b2 00  ce 00 a6 00  ca 00 08 00  00 00 07 0f  00 00 00 00  00 00 05 00  00 00 00 00  20 03 5a 00  f8 2a 14 00  00 00 00 00  00 00 00 00  00 00 00 00  00 00 0c 00
VC'S LEFT 'ATTACK'		20 00 20 00  20 00 20 00  20 00 20 00  20 00 36 f0  37 f0 00 00  00 00 04 05  af 00 be 00  64 00 04 01  04 01 aa 00  00 00 3c 00  34 21 00 00  00 00 00 00  50 00 03 05  04 1e 00 00  00 00 00 00
VC'S LEFT 'THUNDER BULLET'	20 00 b7 00  ea 00 c2 00  27 00 d7 00  ec 00 c4 00  c9 00 00 00  24 00 22 05  af 00 d2 00  64 00 05 00  00 00 00 00  90 01 96 00  98 3a 15 00  f4 01 00 00  64 00 03 07  04 14 00 00  00 00 00 00
VC'S LEFT 'Zap'			20 00 20 00  20 00 20 00  20 00 20 00  eb 00 a6 00  ae 00 18 00  00 00 01 06  af 00 0e 01  64 00 05 00  00 00 00 00  58 02 b4 00  c8 32 19 00  e8 03 00 00  32 00 03 0a  04 0f 00 00  00 00 00 00
VC'S LEFT 'Stram'		20 00 20 00  20 00 20 00  20 00 bb 00  c9 00 eb 00  e1 00 06 00  00 00 15 07  00 00 00 00  00 00 04 00  00 00 00 00  00 00 78 00  e0 2e 1d 00  00 00 00 00  00 00 00 00  00 00 fe 00  00 00 00 00
VC'S LEFT 'Healer'		20 00 20 00  20 00 20 00  20 00 b3 00  ef 00 df 00  e1 00 0c 00  00 00 27 01  00 00 d0 07  64 00 01 00  00 00 00 00  00 00 96 00  f8 2a 0c 00  00 00 00 00  00 00 00 00  00 00 00 00  00 00 00 00
VC'S RIGHT 'ATTACK'		20 00 20 00  20 00 20 00  20 00 20 00  20 00 36 f0  37 f0 00 00  00 00 05 05  af 00 9a 01  64 00 04 01  04 01 aa 00  00 00 3c 00  34 21 00 01  00 00 00 00  50 00 04 06  00 00 00 00  00 ff 00 00
VC'S RIGHT 'ICE BULLET'		20 00 20 00  a4 00 a6 00  bb 00 d7 00  ec 00 c4 00  c9 00 00 00  1b 00 01 05  af 00 54 01  64 00 05 00  00 00 00 00  90 01 96 00  98 3a 15 01  c4 09 d0 07  64 00 04 08  00 00 00 00  00 00 00 00
VC'S RIGHT 'Crackle'		20 00 20 00  20 00 20 00  20 00 b9 00  e4 00 af 00  a4 00 10 00  00 00 28 06  af 00 e6 00  96 00 04 00  00 00 00 00  00 00 b4 00  c8 32 24 01  a0 0f 00 00  32 00 04 0a  00 00 00 00  00 00 00 00
VC'S RIGHT 'Cold'		20 00 20 00  20 00 20 00  20 00 20 00  b5 00 ed 00  c8 00 07 00  00 00 19 07  00 00 00 00  00 00 04 00  00 00 00 00  00 00 5a 00  f8 2a 26 00  00 00 00 00  00 00 00 00  00 00 00 00  fe 00 00 00
VC'S RIGHT 'Fiora'		20 00 20 00  20 00 20 00  20 00 d6 00  a5 00 ac 00  eb 00 0c 00  00 00 1f 07  00 00 00 00  00 00 05 00  00 00 00 00  90 01 78 00  e0 2e 28 00  00 00 00 00  00 00 00 00  40 32 00 00  00 00 00 00
CRIMSON CLAW 'ATTACK'		20 00 20 00  20 00 20 00  20 00 20 00  20 00 36 f0  37 f0 00 00  00 00 01 05  8c 00 d2 00  64 00 04 01  3b 00 64 00  00 00 3c 00  0f 27 00 00  00 00 00 00  32 00 02 05  00 00 00 00  00 00 00 00
CRIMSON CLAW 'MOVE BLOCK STEP'	20 00 4e f0  df f0 6b 00  80 00 bb 00  c7 00 c4 00  d8 00 00 00  16 00 1f 05  8c 00 fa 00  b4 00 04 00  00 00 00 00  00 00 d2 00  c8 32 00 00  d0 07 d0 07  00 00 02 07  40 46 00 00  00 00 00 00
FLAME TOAD 'ATTACK'		20 00 20 00  20 00 20 00  20 00 20 00  20 00 36 f0  37 f0 00 00  00 00 14 05  8c 00 e6 00  64 00 04 01  c5 00 64 00  00 00 3c 00  0f 27 00 00  00 00 00 00  3c 00 00 06  01 0a 00 00  00 00 00 00
SCALY WARRIOR 'ATTACK'		20 00 20 00  20 00 20 00  20 00 20 00  20 00 36 f0  37 f0 00 00  00 00 01 05  91 00 f0 00  78 00 04 01  78 00 64 00  00 00 3c 00  0f 27 00 00  00 00 00 00  32 00 00 00  00 00 00 00  00 00 00 00
SCALY WARRIOR 'LUNACY EGG'	20 00 20 00  20 00 20 00  20 00 20 00  a6 f0 48 f2  e2 f2 00 00  26 00 1b 05  91 00 d2 00  d2 00 04 00  00 00 00 00  00 00 d2 00  c8 32 00 00  dc 05 b8 0b  1e 00 00 00  08 32 00 00  00 00 00 00
CRIMSON TAIL 'ATTACK'		20 00 20 00  20 00 20 00  20 00 20 00  20 00 36 f0  37 f0 00 00  00 00 01 05  a5 00 fa 00  aa 00 04 01  50 00 78 00  00 00 1e 00  28 23 00 00  00 00 00 00  50 00 02 05  00 00 00 00  00 00 00 00
CRIMSON TAIL 'SCISSORS STORM'	20 00 20 00  b9 00 b8 00  27 00 bb 00  c9 00 27 00  e1 00 00 00  20 00 09 05  a5 00 ae 01  e6 00 04 00  00 00 00 00  00 00 96 00  98 3a 00 01  a0 0f 88 13  fa 00 02 07  04 4b 00 00  00 00 00 00
CRIMSON TAIL 'PHANTOM ECHO'	20 00 d6 00  a3 00 ea 00  c9 00 e1 00  aa 00 b5 00  27 00 00 00  2e 00 07 05  a5 00 40 01  b4 00 05 00  00 00 00 00  f4 01 78 00  e0 2e 00 00  dc 05 00 00  78 00 02 0a  00 00 00 ff  00 00 00 00
CLAY BIRD 'ATTACK'		20 00 20 00  20 00 20 00  20 00 20 00  20 00 36 f0  37 f0 00 00  00 00 01 05  96 00 c8 00  64 00 04 01  02 00 96 00  00 00 3c 00  0f 27 00 00  00 00 00 00  32 00 02 06  00 00 00 00  00 00 00 00
CLAY BIRD 'FEATHER NEEDLE'	20 00 d6 00  a9 00 b8 00  27 00 cc 00  27 00 ca 00  ed 00 00 00  21 00 01 05  96 00 22 01  f0 00 06 00  00 00 00 00  00 00 d2 00  98 3a 00 00  e8 03 b8 0b  64 00 02 08  00 00 00 00  00 00 00 00
CLAY BIRD 'Tremor'		20 00 20 00  20 00 20 00  20 00 b2 00  eb 00 b0 00  ea 00 0f 00  00 00 01 06  96 00 aa 00  96 00 05 00  00 00 00 00  58 02 96 00  e0 2e 10 00  d0 07 00 00  32 00 02 0a  00 00 00 00  00 00 00 00
CLAY BIRD 'Def-Loss'		20 00 20 00  20 00 20 00  20 00 c8 00  d6 00 ef 00  bb 00 05 00  00 00 02 07  00 00 00 00  00 00 06 00  00 00 00 00  00 00 78 00  f8 2a 13 00  00 00 00 00  00 00 00 00  00 00 00 ff  00 00 00 00
MAN EATING TREE 'ATTACK'	20 00 20 00  20 00 20 00  20 00 20 00  20 00 36 f0  37 f0 00 00  00 00 01 05  96 00 18 01  64 00 04 01  32 00 64 00  00 00 3c 00  0f 27 00 00  00 00 00 00  50 00 00 00  00 00 00 00  00 00 00 00
MAN EATING TREE 'APPLE HURL'	20 00 20 00  20 00 20 00  ec 00 ea 00  b6 00 66 f2  65 00 00 00  14 00 05 05  96 00 86 01  c8 00 04 00  00 00 00 00  00 00 b4 00  98 3a 00 01  b8 0b 88 13  82 00 00 00  00 00 00 00  00 00 00 00
PIT VIPER 'ATTACK'		20 00 20 00  20 00 20 00  20 00 20 00  20 00 36 f0  37 f0 00 00  00 00 01 05  96 00 e6 00  64 00 04 01  90 01 64 00  00 00 1e 00  0f 27 00 00  00 00 00 00  50 00 00 00  04 0f 00 00  00 00 00 00
MELFICE 'ATTACK'		20 00 20 00  20 00 b1 00  ec 00 c7 00  a5 00 ad 00  ed 00 00 00  00 00 01 05  c8 00 ae 01  64 00 04 01  6e 00 78 00  00 00 3c 00  0f 27 00 00  b8 0b 88 13  78 00 00 00  00 00 00 00  00 00 00 00
MELFICE 'DEMON HOARDE SLASH'	20 00 20 00  20 00 20 00  20 00 20 00  4a f0 b1 f2  b5 f0 00 00  4b 00 02 05  c8 00 72 01  18 01 06 00  00 00 00 00  00 00 b4 00  68 42 00 00  dc 05 00 00  64 00 00 00  00 00 00 00  00 00 00 00
MELFICE 'WAILING SOUL SLASH?'	20 00 20 00  20 00 20 00  7a f1 5f f8  60 f8 85 f1  b5 f0 00 00  32 00 09 05  c8 00 44 02  f0 00 04 00  00 00 00 00  00 00 96 00  98 3a 00 01  40 1f 58 1b  00 00 00 00  00 00 00 00  00 00 00 00
MELFICE 'Def-Loss'		20 00 20 00  20 00 20 00  20 00 c8 00  d6 00 ef 00  bb 00 05 00  00 00 02 07  00 00 00 00  00 00 06 00  00 00 00 00  00 00 5a 00  f8 2a 13 00  00 00 00 00  00 00 00 00  00 00 00 ff  00 00 00 00
MELFICE 'Shhh!'			20 00 20 00  20 00 20 00  20 00 20 00  20 00 b9 00  ea 00 0a 00  00 00 20 07  00 00 00 00  00 00 05 00  00 00 00 00  90 01 78 00  e0 2e 09 00  00 00 00 00  00 00 00 00  20 41 00 00  00 00 00 00
MELFICE ATTACK			20 00 20 00  20 00 b1 00  ec 00 c7 00  a5 00 ad 00  ed 00 00 00  00 00 01 05  c8 00 ae 01  64 00 04 01  6e 00 78 00  00 00 3c 00  0f 27 00 00  b8 0b 88 13  78 00 00 00  00 00 00 00  00 00 00 00
MELFICE DEMON HOARDE SLASH	20 00 20 00  20 00 20 00  20 00 20 00  4a f0 b1 f2  b5 f0 00 00  4b 00 02 05  c8 00 72 01  18 01 06 00  00 00 00 00  00 00 b4 00  68 42 00 00  dc 05 00 00  64 00 00 00  00 00 00 00  00 00 00 00
MELFICE WAILING SOULD SLASH	20 00 20 00  20 00 20 00  7a f1 5f f8  60 f8 85 f1  b5 f0 00 00  32 00 09 05  c8 00 44 02  f0 00 04 00  00 00 00 00  00 00 96 00  98 3a 00 01  40 1f 58 1b  00 00 00 00  00 00 00 00  00 00 00 00
MELFICE Def-Loss		20 00 20 00  20 00 20 00  20 00 c8 00  d6 00 ef 00  bb 00 05 00  00 00 02 07  00 00 00 00  00 00 06 00  00 00 00 00  00 00 5a 00  f8 2a 13 00  00 00 00 00  00 00 00 00  00 00 00 ff  00 00 00 00
MELFICE Shhhh!			20 00 20 00  20 00 20 00  20 00 20 00  20 00 b9 00  ea 00 0a 00  00 00 20 07  00 00 00 00  00 00 05 00  00 00 00 00  90 01 78 00  e0 2e 09 00  00 00 00 00  00 00 00 00  20 41 00 00  00 00 00 00
MELFICE	'Tremor'		20 00 20 00  20 00 20 00  20 00 b2 00  eb 00 b0 00  ea 00 0f 00  00 00 06 06  c8 00 54 01  96 00 05 00  00 00 00 00  58 02 96 00  b0 36 10 00  d0 07 00 00  32 00 02 0a  00 00 00 00  00 00 00 00
????????????	def-loss	20 00 20 00  20 00 20 00  20 00 c8 00  d6 00 ef 00  bb 00 05 00  00 00 02 07  00 00 00 00  00 00 06 00  00 00 00 00  00 00 5a 00  f8 2a 13 00  00 00 00 00  00 00 00 00  00 00 00 ff  00 00 00 00
???????????????	healer		20 00 20 00  20 00 20 00  20 00 b3 00  ef 00 df 00  e1 00 0c 00  00 00 27 01  00 00 b8 0b  64 00 01 00  00 00 00 00  00 00 b4 00  c8 32 0c 00  00 00 00 00  00 00 00 00  00 00 00 00  00 00 00 00
?????????????? 	shhhh!		20 00 20 00  20 00 20 00  20 00 20 00  20 00 b9 00  ea 00 0a 00  00 00 20 07  00 00 00 00  00 00 05 00  00 00 00 00  90 01 78 00  e0 2e 09 00  00 00 00 00  00 00 00 00  20 41 00 00  00 00 00 00
349c80 MELFICE ATTACK HORN	20 00 20 00  20 00 20 00  20 00 20 00  20 00 36 f0  37 f0 00 00  00 00 01 05  c8 00 86 01  64 00 04 01  6e 00 78 00  00 00 1e 00  0f 27 00 00  e8 03 00 00  32 00 03 08  04 1e 00 00  00 00 00 00
349cc0 MELFICE EVIL HORN	20 00 20 00  20 00 20 00  6d f4 3d f2  2c f2 7a f4  37 f0 00 00  3c 00 03 05  c8 00 08 02  b4 00 0a 00  00 00 00 00  bc 02 b4 00  80 3e 00 01  a0 0f 70 17  96 00 00 00  00 00 00 00  00 00 00 00
MELFICE 'Quake'			20 00 20 00  20 00 20 00  b2 00 eb 00  ea 00 ba 00  ac 00 28 00  00 00 02 06  c8 00 76 02  96 00 06 00  00 00 00 00  00 00 f0 00  c8 32 11 00  d0 07 00 00  50 00 02 0a  00 00 00 00  00 00 00 00
SWORD 'ATTACK'			20 00 20 00  20 00 20 00  20 00 20 00  20 00 36 f0  37 f0 00 00  00 00 1f 05  c8 00 58 02  64 00 04 01  6e 00 78 00  00 00 1e 00  0f 27 00 01  00 00 00 00  50 00 00 00  40 32 00 00  00 00 00 00
GIGA MANTIS 'ATTACK'		20 00 20 00  20 00 20 00  20 00 20 00  20 00 36 f0  37 f0 00 00  00 00 01 05  a5 00 e6 00  96 00 04 01  54 00 64 00  00 00 3c 00  0f 27 00 00  00 00 00 00  46 00 00 00  00 00 00 00  00 00 00 00
FENNY BIRD 'ATTACK'		20 00 20 00  20 00 20 00  20 00 20 00  20 00 36 f0  37 f0 00 00  00 00 01 05  a5 00 0e 01  64 00 04 01  0a 00 6e 00  00 00 1e 00  0f 27 00 00  f4 01 00 00  78 00 00 09  00 00 00 00  00 00 00 00
DESERT DIVER 'ATTACK'		20 00 20 00  20 00 20 00  20 00 20 00  20 00 36 f0  37 f0 00 00  00 00 01 05  aa 00 fa 00  c8 00 04 01  2c 00 78 00  00 00 3c 00  0f 27 00 00  00 00 00 00  3c 00 02 04  00 00 00 00  00 00 00 00
DESERT DIVER 'ACID SPRAY'	20 00 a4 00  b9 00 c4 00  ca 00 bb 00  d8 00 ee 00  27 00 00 00  1b 00 17 05  aa 00 e6 00  96 00 04 00  00 00 00 00  00 00 96 00  e0 2e 00 00  e8 03 00 00  1e 00 02 09  10 32 00 00  00 00 00 00
DESERT DIVER 'TERRA BREAK'	20 00 20 00  20 00 c7 00  eb 00 d7 00  ee 00 a6 00  b1 00 00 00  2d 00 18 05  aa 00 2c 01  2c 01 04 00  00 00 00 00  00 00 b4 00  98 3a 00 01  ac 0d 58 1b  2c 01 02 07  00 00 00 00  00 00 00 00
SNOW LEOPARD 'ATTACK'		20 00 20 00  20 00 20 00  20 00 20 00  20 00 36 f0  37 f0 00 00  00 00 01 05  d7 00 18 01  b4 00 04 01  64 00 64 00  00 00 1e 00  0f 27 00 00  00 00 00 00  50 00 04 07  00 00 00 00  00 00 00 00
SNOW LEOPARD 'Crackle'		20 00 20 00  20 00 20 00  20 00 b9 00  e4 00 af 00  a4 00 10 00  00 00 06 06  d7 00 5e 01  aa 00 04 00  00 00 00 00  00 00 b4 00  c8 32 24 01  a0 0f 00 00  32 00 04 0a  00 00 00 00  00 00 00 00
SNOW LEOPARD 'Freeze'		20 00 20 00  20 00 20 00  20 00 20 00  d5 00 af 00  ea 00 05 00  00 00 02 07  00 00 00 00  00 00 06 00  00 00 00 00  00 00 78 00  f8 2a 27 00  00 00 00 00  00 00 00 00  00 00 00 00  00 ff 00 00
SNOW LEOPARD 'Cold'		20 00 20 00  20 00 20 00  20 00 20 00  b5 00 ed 00  c8 00 08 00  00 00 01 07  00 00 00 00  00 00 04 00  00 00 00 00  00 00 96 00  e0 2e 26 00  00 00 00 00  00 00 00 00  00 00 00 00  fe 00 00 00

				                                                         *MP     SP    ?  T1  STR   POW    AD    T2 ?   DIS   ACC    Range  Cast  Rec   MG DF  IP    IPC    KB    EL Elm ST %C AT DF  AC MV SP
LECK GUARDER 'ATTACK'		20 00 20 00  20 00 20 00  20 00 20 00  20 00 36 f0  37 f0 00 00  00 00 01 05  d7 00 2c 01  c8 00 04 01  50 00 78 00  00 00 1e 00  40 1f 00 00  00 00 00 00  3c 00 00 06  00 00 00 00  00 00 00 00
LECK GUARDER 'BUSTER HORN'	20 00 20 00  d1 00 bb 00  c1 00 27 00  dc 00 27 00  ea 00 00 00  38 00 1f 05  d7 00 90 01  5e 01 04 00  00 00 00 00  00 00 b4 00  c8 32 00 01  a0 0f 58 1b  00 00 00 09  40 46 00 00  00 00 00 00
NAGA QUEEN 'ATTACK'		20 00 20 00  20 00 20 00  20 00 20 00  20 00 36 f0  37 f0 00 00  00 00 01 05  d7 00 18 01  8c 00 04 01  50 00 78 00  00 00 1e 00  34 21 00 00  00 00 00 00  32 00 04 06  00 00 00 00  00 00 00 00
NAGA QUEEN 'FREEZING EYE'	20 00 20 00  d6 00 ec 00  27 00 bc 00  b7 00 a6 00  c9 00 00 00  20 00 19 05  d7 00 90 01  04 01 07 00  00 00 00 00  96 00 b4 00  98 3a 00 00  ac 0d 00 00  50 00 04 0a  00 00 00 00  fe fe 00 00
NAGA QUEEN 'BLIZZARD EDGE'	20 00 d7 00  ec 00 b8 00  27 00 ca 00  aa 00 c4 00  ba 00 00 00  1a 00 01 05  d7 00 5e 01  c8 00 0a 00  00 00 00 00  bc 02 78 00  c8 32 00 00  e8 03 b8 0b  fa 00 04 08  00 00 00 00  00 00 00 00
NAGA QUEEN 'Fiora'		20 00 20 00  20 00 20 00  20 00 d6 00  a5 00 ac 00  eb 00 0c 00  00 00 1f 07  00 00 00 00  00 00 05 00  00 00 00 00  90 01 5a 00  e0 2e 28 00  00 00 00 00  00 00 00 00  40 3c 00 00  00 00 00 00
NAGA QUEEN 'Alhealer'		20 00 20 00  20 00 20 00  e0 00 b3 00  ef 00 df 00  e1 00 12 00  00 00 02 01  00 00 a0 0f  64 00 03 00  00 00 00 00  00 00 96 00  f8 2a 0e 00  00 00 00 00  00 00 00 00  00 00 00 00  00 00 00 00
TIO CLONE 'ATTACK/COUNTER'	20 00 20 00  20 00 20 00  20 00 20 00  b5 00 ea 00  dd 00 00 00  00 00 09 05  d7 00 04 01  64 00 04 01  3c 00 6e 00  00 00 1e 00  0f 27 00 00  00 00 00 00  46 00 00 00  00 00 00 00  00 00 00 00
TIO CLONE 'LOTUS FLOWER'	20 00 20 00  20 00 20 00  20 00 20 00  20 00 4b f2  c7 f2 00 00  1c 00 05 05  d7 00 04 01  90 01 07 00  00 00 00 00  c8 00 3c 00  c8 32 00 01  dc 05 b8 0b  96 00 00 00  00 00 00 00  00 00 00 00
TIO CLONE 'TORNADO'		20 00 20 00  20 00 20 00  20 00 20 00  20 00 bc f1  d4 f0 00 00  30 00 02 06  d7 00 04 01  5e 01 06 00  00 00 00 00  00 00 78 00  b0 36 00 01  dc 05 00 00  00 00 01 08  00 00 00 00  00 00 00 00
TIO CLONE 'Howl'		20 00 20 00  20 00 20 00  20 00 20 00  20 00 46 f2  d4 f0 09 00  00 00 07 06  d7 00 be 00  e1 00 05 00  00 00 00 00  f4 01 3c 00  e0 2e 05 00  e8 03 00 00  64 00 01 0a  00 00 00 00  00 00 00 00
TIO CLONE 'Shhhh!'		20 00 20 00  20 00 20 00  20 00 20 00  20 00 3b f5  d2 f5 00 00  14 00 02 07  00 00 00 00  00 00 06 00  00 00 00 00  00 00 5a 00  f8 2a 09 00  00 00 00 00  00 00 00 00  20 32 00 00  00 00 00 00
TARANTULA 'ATTACK'		20 00 20 00  20 00 20 00  20 00 20 00  20 00 36 f0  37 f0 00 00  00 00 01 05  b4 00 f0 00  8c 00 04 01  14 00 64 00  00 00 3c 00  0f 27 00 00  00 00 00 00  32 00 00 00  00 00 00 00  00 00 00 00
TARANTULA 'PLAGUE NET'		20 00 20 00  d8 00 ee 00  a6 00 b2 00  ce 00 c4 00  c9 00 00 00  16 00 04 05  b4 00 fa 00  22 01 04 00  00 00 00 00  00 00 b4 00  c8 32 00 00  e8 03 b8 0b  00 00 00 00  10 50 00 00  00 fe 00 00
VENOMOUS LARVA 'ATTACK'		20 00 20 00  20 00 20 00  20 00 20 00  20 00 36 f0  37 f0 00 00  00 00 01 05  b4 00 e6 00  b4 00 04 01  32 00 2c 01  00 00 1e 00  0f 27 00 00  00 00 00 00  1e 00 00 0a  01 0a 00 00  00 00 00 00
IMMUNE CELL 'ATTACK'		20 00 20 00  20 00 20 00  20 00 20 00  20 00 36 f0  37 f0 00 00  00 00 01 05  b4 00 c8 00  04 01 04 01  c8 00 82 00  00 00 3c 00  0f 27 00 00  00 00 00 00  32 00 03 04  00 00 00 00  00 00 00 00
IMMUNE CELL 'SPARK PRESS'	20 00 20 00  bb 00 d2 00  27 00 b1 00  d8 00 ee 00  bb 00 00 00  19 00 22 05  b4 00 2c 01  2c 01 04 00  00 00 00 00  00 00 b4 00  c8 32 00 01  d0 07 a0 0f  00 00 03 08  04 32 00 00  00 00 00 00
BRAIN BAT 'ATTACK'		20 00 20 00  20 00 20 00  20 00 20 00  20 00 36 f0  37 f0 00 00  00 00 01 05  b9 00 b4 00  aa 00 04 01  32 00 6e 00  00 00 3c 00  0f 27 00 00  00 00 00 00  1e 00 01 06  00 00 00 00  00 00 00 00
BRAIN BAT 'Shhh!'		20 00 20 00  20 00 20 00  20 00 20 00  20 00 b9 00  ea 00 0a 00  00 00 20 07  00 00 00 00  00 00 05 00  00 00 00 00  90 01 78 00  f8 2a 09 00  00 00 00 00  00 00 00 00  20 3c 00 00  00 00 00 00
BRAIN BAT 'Howlslash'		20 00 d3 00  e6 00 27 00  bb 00 eb 00  c4 00 b9 00  e6 00 0e 00  00 00 04 06  b9 00 96 00  96 00 07 00  00 00 00 00  2c 01 96 00  e0 2e 06 01  dc 05 00 00  c8 00 01 0a  00 00 00 00  00 00 00 00
BRAIN BAT 'Howlnado'		20 00 20 00  20 00 d3 00  e6 00 27 00  ce 00 ed 00  ea 00 2d 00  00 00 02 06  b9 00 7c 01  d2 00 06 00  00 00 00 00  00 00 d2 00  98 3a 07 01  e8 03 00 00  00 00 01 0a  08 1e 00 00  00 00 0b 00
DINO FREEZER 'ATTACK'		20 00 20 00  20 00 20 00  20 00 20 00  20 00 36 f0  37 f0 00 00  00 00 01 05  b9 00 0e 01  aa 00 04 01  64 00 6e 00  00 00 3c 00  0f 27 00 01  00 00 00 00  96 00 04 05  00 00 00 00  00 00 00 00
DINO FREEZER 'FREEZING BREATH'	20 00 d6 00  ec 00 27 00  b8 00 27 00  d7 00 ee 00  bb 00 00 00  24 00 01 05  b9 00 90 01  f0 00 06 00  00 00 00 00  58 02 b4 00  c8 32 00 00  ac 0d 88 13  78 00 04 09  00 00 00 00  ff 00 00 00
VALMAR BODY '??????'		20 00 20 00  20 00 20 00  20 00 82 f2  57 00 7a f0  91 00 00 00  0f 00 02 0f  00 00 00 00  00 00 06 00  00 00 00 00  00 00 3c 00  0f 27 00 00  00 00 00 00  00 00 00 00  00 00 00 00  00 00 00 00
VALMAR BODY 'Zap'		20 00 20 00  20 00 20 00  20 00 20 00  eb 00 a6 00  ae 00 18 00  00 00 01 06  dc 00 aa 00  c8 00 05 00  00 00 00 00  58 02 96 00  c8 32 19 00  e8 03 00 00  32 00 03 0a  04 0a 00 00  00 00 00 00
VALMAR BODY 'Stram'		20 00 20 00  20 00 20 00  20 00 bb 00  c9 00 eb 00  e1 00 06 00  00 00 15 07  00 00 00 00  00 00 04 00  00 00 00 00  00 00 78 00  e0 2e 1d 00  00 00 00 00  00 00 00 00  00 00 fe 00  00 00 00 00
VALMAR BODY 'Def-Loss'		20 00 20 00  20 00 20 00  20 00 c8 00  d6 00 ef 00  bb 00 05 00  00 00 02 07  00 00 00 00  00 00 06 00  00 00 00 00  00 00 5a 00  e0 2e 13 00  00 00 00 00  00 00 00 00  00 00 00 ff  00 00 00 00
VALMAR BODY 'Healer'		20 00 20 00  20 00 20 00  20 00 b3 00  ef 00 df 00  e1 00 0c 00  00 00 26 01  00 00 88 13  64 00 01 00  00 00 00 00  00 00 96 00  c8 32 0c 00  00 00 00 00  00 00 00 00  00 00 00 00  00 00 00 00
STRANGULATION			20 00 20 00  20 00 20 00  20 00 7e f0  6c f2 e7 f7  4d f0 00 00  24 00 09 06  dc 00 5e 01  2c 01 04 00  00 00 00 00  00 00 d2 00  98 3a 00 00  a0 0f 70 17  00 00 00 00  00 00 ff ff  ff ff 00 00
RIGHT TENTACLE 'ATTACK'		20 00 20 00  20 00 20 00  20 00 20 00  20 00 36 f0  37 f0 00 00  00 00 01 05  dc 00 18 01  a0 00 07 01  26 01 96 00  c8 00 1e 00  0f 27 00 01  00 00 00 00  64 00 00 07  00 00 00 00  00 00 00 00
LEFT TENTACLE 'ATTACK'		20 00 20 00  20 00 20 00  20 00 20 00  20 00 36 f0  37 f0 00 00  00 00 01 05  dc 00 18 01  a0 00 07 01  26 01 96 00  c8 00 3c 00  0f 27 00 00  c4 09 88 13  64 00 04 07  00 00 00 00  00 00 00 00
GRANAS KNIGHT 'ATTACK'		20 00 20 00  20 00 20 00  20 00 20 00  20 00 36 f0  37 f0 00 00  00 00 04 05  be 00 f4 01  c8 00 04 01  82 00 78 00  00 00 1e 00  0f 27 00 00  d0 07 b8 0b  82 00 00 00  00 00 00 00  00 00 00 00
VALMAR HEART 'ATTACK'		20 00 20 00  20 00 20 00  20 00 20 00  20 00 36 f0  37 f0 00 00  00 00 01 05  e1 00 04 01  fa 00 04 01  01 00 18 01  c8 00 3c 00  0f 27 00 01  00 00 00 00  96 00 00 00  00 00 00 00  00 00 00 00
VALMAR HEART 'AVICI SLASH'	20 00 20 00  20 00 20 00  20 00 70 f0  aa f2 80 00  c9 f0 00 00  2a 00 02 06  e1 00 22 01  2c 01 06 00  00 00 00 00  00 00 b4 00  98 3a 00 00  b8 0b 00 00  32 00 00 00  00 00 00 00  00 00 00 00
VALMAR HEART 'AORTA PUMMEL'	20 00 20 00  20 00 20 00  20 00 81 f2  83 f3 d6 f0  c7 f0 00 00  18 00 01 05  e1 00 08 02  c8 00 04 00  00 00 00 00  00 00 78 00  e0 2e 00 01  e8 03 b8 0b  50 00 00 00  00 00 00 00  00 00 00 00
VALMAR HEART 'BLACK FOG SPEW'	20 00 20 00  20 00 20 00  20 00 2e f2  a6 f0 49 f4  61 f1 00 00  23 00 01 05  e1 00 36 01  18 01 06 00  00 00 00 00  00 00 96 00  c8 32 00 00  dc 05 00 00  78 00 00 00  10 19 00 00  00 00 00 00
LEFT EYE 'Burn'			20 00 20 00  20 00 20 00  20 00 22 f0  a3 00 27 00  ea 00 06 00  00 00 01 06  e1 00 18 01  64 00 04 00  00 00 00 00  00 00 5a 00  f8 2a 01 00  00 00 00 00  50 00 00 0a  00 00 00 00  00 00 00 00
LEFT EYE 'Burnflame'		20 00 20 00  22 f0 a3 00  ea 00 d6 00  ee 00 a6 00  e1 00 10 00  00 00 07 06  e1 00 68 01  82 00 05 00  00 00 00 00  58 02 78 00  c8 32 02 00  00 00 00 00  32 00 00 0a  00 00 00 00  00 00 00 00
LEFT EYE 'Burnstrike'		20 00 22 f0  a3 00 ea 00  bb 00 c9 00  eb 00 a6 00  b1 00 14 00  00 00 09 06  e1 00 ae 01  96 00 04 00  00 00 00 00  00 00 96 00  c8 32 03 01  00 00 00 00  78 00 00 0a  00 00 00 00  00 00 00 00
LEFT EYE 'Tremor'		20 00 20 00  20 00 20 00  20 00 b2 00  eb 00 b0 00  ea 00 0f 00  00 00 01 06  e1 00 40 01  78 00 05 00  00 00 00 00  58 02 78 00  e0 2e 10 00  d0 07 00 00  32 00 02 0a  00 00 00 00  00 00 00 00
RIGHT EYE 'Stram'		20 00 20 00  20 00 20 00  20 00 bb 00  c9 00 eb 00  e1 00 06 00  00 00 15 07  00 00 00 00  00 00 04 00  00 00 00 00  00 00 78 00  e0 2e 1d 00  00 00 00 00  00 00 00 00  00 00 fe 00  00 00 00 00
RIGHT EYE 'Def-Loss'		20 00 20 00  20 00 20 00  20 00 c8 00  d6 00 ef 00  bb 00 05 00  00 00 02 07  00 00 00 00  00 00 06 00  00 00 00 00  00 00 5a 00  f8 2a 13 00  00 00 00 00  00 00 00 00  00 00 00 ff  00 00 00 00
RIGHT EYE 'Freeze'		20 00 20 00  20 00 20 00  20 00 20 00  d5 00 af 00  ea 00 05 00  00 00 02 07  00 00 00 00  00 00 06 00  00 00 00 00  00 00 5a 00  e0 2e 27 00  00 00 00 00  00 00 00 00  00 00 00 00  00 ff 00 00
RIGHT EYE 'Cold'		20 00 20 00  20 00 20 00  20 00 20 00  b5 00 ed 00  c8 00 07 00  00 00 19 07  00 00 00 00  00 00 04 00  00 00 00 00  00 00 78 00  f8 2a 26 00  00 00 00 00  00 00 00 00  00 00 00 00  fe 00 00 00
RIGHT EYE 'Snooze'		20 00 20 00  20 00 20 00  20 00 e1 00  27 00 cc 00  e4 00 05 00  00 00 02 07  00 00 00 00  00 00 06 00  00 00 00 00  00 00 96 00  98 3a 0a 00  00 00 00 00  00 00 00 00  02 1e 00 00  00 00 00 00
NYARMOT 'ATTACK'		20 00 20 00  20 00 20 00  20 00 20 00  20 00 36 f0  37 f0 00 00  00 00 01 05  be 00 e6 00  be 00 04 01  a3 00 64 00  00 00 3c 00  0f 27 00 00  00 00 00 00  32 00 00 08  00 00 00 00  00 00 00 00
NYARMOT 'BURNING SUN'		20 00 20 00  d1 00 27 00  cc 00 ea 00  b2 00 b7 00  ea 00 00 00  16 00 20 05  be 00 72 01  f0 00 04 00  00 00 00 00  00 00 d2 00  c8 32 00 01  c4 09 a0 0f  96 00 00 08  00 00 00 00  00 00 00 00
SALAMADILE 'ATTACK'		20 00 20 00  20 00 20 00  20 00 20 00  20 00 36 f0  37 f0 00 00  00 00 01 05  be 00 f0 00  8c 00 04 01  5b 00 64 00  00 00 3c 00  0f 27 00 00  00 00 00 00  32 00 00 07  10 0a 00 00  00 00 00 00
EVIL MANEUVER 'ATTACK'		20 00 20 00  20 00 20 00  20 00 20 00  20 00 36 f0  37 f0 00 00  00 00 01 05  c3 00 e6 00  dc 00 04 01  8c 00 64 00  00 00 3c 00  0f 27 00 00  00 00 00 00  32 00 03 06  00 00 00 00  00 00 00 00
EVIL MANEUVER 'BLOCK NEEDLE'	20 00 20 00  20 00 20 00  20 00 20 00  df f0 45 f3  6d f2 00 00  1f 00 1f 05  c3 00 2c 01  68 01 04 00  00 00 00 00  00 00 96 00  b0 36 00 01  d0 07 b8 0b  1e 00 00 00  40 1e 00 00  00 00 00 00
EVIL MANEUVER 'Zap'		20 00 20 00  20 00 20 00  20 00 20 00  eb 00 a6 00  ae 00 18 00  00 00 22 06  c3 00 8c 00  0e 01 05 00  00 00 00 00  58 02 78 00  e0 2e 19 00  e8 03 00 00  32 00 03 0a  04 0f 00 00  00 00 00 00
DRAGON KNIGHT 'ATTACK'		20 00 20 00  20 00 20 00  20 00 20 00  20 00 36 f0  37 f0 00 00  00 00 01 05  c3 00 0e 01  fa 00 04 01  82 00 78 00  00 00 1e 00  0f 27 00 00  00 00 00 00  32 00 03 05  00 00 00 00  00 00 00 00
DRAGON KNIGHT 'LIGHTNING BALL'	20 00 20 00  20 00 20 00  20 00 20 00  75 f2 37 f0  28 f1 00 00  2a 00 22 05  c3 00 fe 01  c8 00 05 00  00 00 00 00  90 01 96 00  98 3a 00 01  d0 07 a0 0f  b4 00 03 08  04 19 00 00  00 00 00 00
DRAGON KNIGHT 'Stram'		20 00 20 00  20 00 20 00  20 00 bb 00  c9 00 eb 00  e1 00 06 00  00 00 15 07  00 00 00 00  00 00 04 00  00 00 00 00  00 00 5a 00  f8 2a 1d 00  00 00 00 00  00 00 00 00  00 00 fe 00  00 00 00 00
DRAGON KNIGHT 'Dragonzap'	20 00 20 00  20 00 20 00  ec 00 e6 00  a8 00 eb 00  a6 00 3a 00  00 00 01 06  c3 00 a4 01  5e 01 07 00  00 00 00 00  2c 01 d2 00  b0 36 1c 01  dc 05 00 00  78 00 03 0a  04 14 00 00  00 00 00 00
EGG GUARDIAN 'ATTACK'		20 00 20 00  20 00 20 00  20 00 20 00  20 00 36 f0  37 f0 00 00  00 00 01 05  f0 00 40 01  22 01 04 01  dc 00 aa 00  00 00 3c 00  0f 27 00 01  dc 05 b8 0b  78 00 01 07  00 00 00 00  00 00 00 00
EGG GUARDIAN 'Wow'		20 00 20 00  20 00 20 00  20 00 20 00  20 00 20 f0  ac 00 05 00  00 00 03 04  00 00 00 00  00 00 01 00  00 00 00 00  00 00 78 00  e0 2e 18 00  00 00 00 00  00 00 00 00  00 00 02 00  00 00 00 00
EGG GUARDIAN 'Diggin'		20 00 20 00  20 00 20 00  20 00 c8 00  a5 00 ae 00  ea 00 04 00  00 00 02 04  00 00 00 00  00 00 03 00  00 00 00 00  00 00 78 00  f8 2a 12 00  00 00 00 00  00 00 00 00  00 00 00 01  00 00 00 00
EGG GUARDIAN 'Speedy'		20 00 20 00  20 00 20 00  20 00 d4 00  e6 00 27 00  ce 00 07 00  00 00 03 04  00 00 00 00  00 00 01 00  00 00 00 00  00 00 96 00  e0 2e 1f 00  00 00 00 00  00 00 00 00  00 00 00 00  02 00 00 00
EGG GUARDIAN 'Runner'		20 00 20 00  20 00 20 00  20 00 20 00  eb 00 ea 00  cb 00 03 00  00 00 02 04  00 00 00 00  00 00 03 00  00 00 00 00  00 00 5a 00  f8 2a 08 00  00 00 00 00  00 00 00 00  00 00 00 00  00 01 00 00 
Demon Summon			20 00 20 00  20 00 20 00  20 00 4a f0  ba f6 31 f7  ab f6 00 00  48 00 02 0f  04 00 00 00  00 00 0f 00  00 00 00 00  00 00 1e 00  50 46 00 00  00 00 00 00  00 00 00 00  00 00 00 00  00 00 00 00
Wailing Sickle			20 00 20 00  20 00 20 00  20 00 ad f8  5f f8 80 00  c5 f7 00 00  28 00 02 05  f0 00 c2 01  5e 01 06 00  00 00 00 00  00 00 78 00  c8 32 00 00  c4 09 00 00  96 00 01 08  00 00 00 00  00 00 00 00
Howlnado			20 00 20 00  20 00 d3 00  e6 00 27 00  ce 00 ed 00  ea 00 2d 00  00 00 02 06  f0 00 e6 00  fa 00 06 00  00 00 00 00  00 00 96 00  b0 36 07 01  e8 03 00 00  00 00 01 0a  08 14 00 00  00 00 0b 00
BIT 'ATTACK'			20 00 20 00  20 00 20 00  20 00 20 00  20 00 36 f0  37 f0 00 00  00 00 01 05  f0 00 40 01  8c 00 04 01  28 00 64 00  00 00 1e 00  0f 27 00 00  00 00 00 00  50 00 00 00  00 00 00 00  00 00 00 00
BIT 'DESPERATE BLOW'		20 00 20 00  20 00 20 00  d0 f3 cd f0  80 00 2d f0  37 f0 00 00  38 00 06 05  f0 00 ae 01  18 01 04 00  00 00 00 00  00 00 f0 00  98 3a 00 00  b8 0b 88 13  78 00 00 00  00 00 00 00  00 00 00 00
VALMAR FLY 'ATTACK'		20 00 20 00  20 00 20 00  20 00 20 00  20 00 36 f0  37 f0 00 00  00 00 01 05  e1 00 22 01  64 00 04 01  c8 00 64 00  00 00 3c 00  0f 27 00 00  00 00 00 00  50 00 00 00  00 00 00 00  00 00 00 00
VALMAR YOUNG 'ATTACK'		20 00 20 00  20 00 20 00  20 00 20 00  20 00 36 f0  37 f0 00 00  00 00 01 05  e1 00 18 01  a0 00 04 01  c8 00 a0 00  00 00 1e 00  0f 27 00 00  00 00 00 00  78 00 00 00  00 00 00 00  00 00 00 00
VALMAR YOUNG 'LEG DRILL'	20 00 20 00  20 00 ee 00  c4 00 b2 00  ca 00 ec 00  ed 00 00 00  24 00 05 05  e1 00 68 01  2c 01 04 00  00 00 00 00  00 00 96 00  c8 32 00 00  dc 05 ac 0d  00 00 00 00  00 00 00 00  00 00 00 00
VALMAR YOUNG 'BERSERK DRILL'	20 00 20 00  d1 00 27 00  b7 00 b1 00  eb 00 ea 00  c3 00 00 00  28 00 04 05  e1 00 2c 01  c8 00 04 00  00 00 00 00  00 00 b4 00  b0 36 00 01  e8 03 00 00  50 00 00 00  18 32 00 00  00 00 00 00
VALMAR YOUNG 'Tremor'		20 00 20 00  20 00 20 00  20 00 b2 00  eb 00 b0 00  ea 00 0f 00  00 00 01 06  e1 00 04 01  96 00 05 00  00 00 00 00  58 02 78 00  e0 2e 10 00  d0 07 00 00  32 00 02 0a  00 00 00 00  00 00 00 00

				                                                         *MP     SP    ?  T1  STR   POW    AD    T2 ?   DIS   ACC    Range  Cast  Rec   MG DF  IP    IPC    KB    EL Elm ST %C AT DF  AC MV SP
DEVIL 'ATTACK'			20 00 20 00  20 00 20 00  20 00 20 00  20 00 36 f0  37 f0 00 00  00 00 01 05  c8 00 40 01  fa 00 04 01  08 00 c8 00  00 00 1e 00  0f 27 00 00  c4 09 88 13  32 00 00 06  00 00 00 00  00 00 00 00
DEVIL 'Burnflame'		20 00 20 00  22 f0 a3 00  ea 00 d6 00  ee 00 a6 00  e1 00 10 00  00 00 01 06  c8 00 18 01  fa 00 05 00  00 00 00 00  58 02 78 00  e0 2e 02 00  00 00 00 00  32 00 00 0a  00 00 00 00  00 00 00 00
DEVIL 'Burnstrike'		20 00 22 f0  a3 00 ea 00  bb 00 c9 00  eb 00 a6 00  b1 00 14 00  00 00 01 06  c8 00 30 02  fa 00 04 00  00 00 00 00  00 00 b4 00  98 3a 03 00  00 00 00 00  50 00 00 0a  00 00 00 00  00 00 00 00
DEVIL 'Boom'			20 00 20 00  20 00 20 00  20 00 20 00  bc 00 ea 00  ae 00 16 00  00 00 01 06  c8 00 c2 01  c8 00 05 00  00 00 00 00  58 02 96 00  c8 32 15 01  d0 07 00 00  78 00 00 00  00 00 00 00  00 00 00 00
DEVIL 'Ba-Boom'			20 00 20 00  20 00 20 00  20 00 20 00  c8 00 bc 00  ea 00 4b 00  00 00 02 06  c8 00 7a 08  c8 00 06 00  00 00 00 00  00 00 b4 00  68 42 16 01  d0 07 00 00  96 00 00 00  00 00 00 00  00 00 00 00 
DEATH DOBERMAN 'ATTACK'		20 00 20 00  20 00 20 00  20 00 20 00  20 00 36 f0  37 f0 00 00  00 00 01 05  c8 00 0e 01  a0 00 04 01  1e 00 64 00  00 00 3c 00  0f 27 00 00  00 00 00 00  32 00 01 06  00 00 00 00  00 00 00 00
DEATH DOBERMAN 'Shhhh!'		20 00 20 00  20 00 20 00  20 00 20 00  20 00 b9 00  ea 00 0a 00  00 00 07 07  00 00 00 00  00 00 05 00  00 00 00 00  90 01 5a 00  f8 2a 09 00  00 00 00 00  00 00 00 00  20 3c 00 00  00 00 00 00
DEATH DOBERMAN 'Howlslash'	20 00 d3 00  e6 00 27 00  bb 00 eb 00  c4 00 b9 00  e6 00 0e 00  00 00 04 06  c8 00 e6 00  e1 00 07 00  00 00 00 00  2c 01 96 00  c8 32 06 01  dc 05 00 00  c8 00 01 0a  00 00 00 00  00 00 00 00
DEATH DOBERMAN 'Howlnado'	20 00 20 00  20 00 d3 00  e6 00 27 00  ce 00 ed 00  ea 00 2d 00  00 00 02 06  c8 00 68 01  e1 00 06 00  00 00 00 00  00 00 b4 00  98 3a 07 01  e8 03 00 00  00 00 01 0a  08 1e 00 00  00 00 0b 00
EMERALD BIRD 'ATTACK'		20 00 20 00  20 00 20 00  20 00 20 00  20 00 36 f0  37 f0 00 00  00 00 01 05  c8 00 72 01  78 00 04 01  02 00 96 00  00 00 3c 00  0f 27 00 00  00 00 00 00  32 00 04 05  00 00 00 00  00 00 00 00
EMERALD BIRD 'SNOWFLAKES'	20 00 bb 00  cf 00 27 00  d6 00 ee 00  27 00 b1 00  bb 00 00 00  24 00 1b 05  c8 00 cc 01  f0 00 06 00  00 00 00 00  00 00 b4 00  98 3a 00 00  dc 05 b8 0b  64 00 04 09  00 00 00 00  00 fe 00 00
EMERALD BIRD 'Shhhh'		20 00 20 00  20 00 20 00  20 00 d6 00  a5 00 ac 00  eb 00 0c 00  00 00 1f 07  00 00 00 00  00 00 05 00  00 00 00 00  90 01 78 00  e0 2e 28 00  00 00 00 00  00 00 00 00  40 3c 00 00  00 00 00 00
EMERALD BIRD 'Crackle'		20 00 20 00  20 00 20 00  20 00 b9 00  e4 00 af 00  a4 00 10 00  00 00 01 06  c8 00 ae 01  13 01 04 00  00 00 00 00  00 00 96 00  c8 32 24 01  a0 0f 00 00  32 00 04 0a  00 00 00 00  00 00 00 00
EMERALD BIRD 'Cold'		20 00 20 00  20 00 20 00  20 00 20 00  b5 00 ed 00  c8 00 07 00  00 00 19 07  00 00 00 00  00 00 04 00  00 00 00 00  00 00 5a 00  f8 2a 26 00  00 00 00 00  00 00 00 00  00 00 00 00  fe 00 00 00
YETI 'ATTACK'			20 00 20 00  20 00 20 00  20 00 20 00  20 00 36 f0  37 f0 00 00  00 00 01 05  c8 00 40 01  c8 00 04 01  96 00 64 00  00 00 3c 00  0f 27 00 00  00 00 00 00  96 00 02 08  00 00 00 00  00 00 00 00
ANCIENT WARRIOR 'ATTACK'	20 00 20 00  20 00 20 00  20 00 20 00  20 00 36 f0  37 f0 00 00  00 00 01 05  c8 00 fa 00  0e 01 04 01  74 00 64 00  00 00 3c 00  0f 27 00 00  00 00 00 00  3c 00 00 05  00 00 00 00  00 00 00 00
ANCIENT WARRIOR 'BEAT SPIRAL'	20 00 d3 00  27 00 c9 00  bb 00 d2 00  a6 00 eb 00  ed 00 00 00  21 00 1e 05  c8 00 ae 01  04 01 05 00  00 00 00 00  90 01 96 00  c8 32 00 01  f4 01 00 00  64 00 00 08  00 00 00 00  00 00 00 00
ANCIENT WARRIOR 'HYPER BUSTER'	20 00 d0 00  a6 00 d2 00  27 00 d1 00  bb 00 c1 00  27 00 00 00  2d 00 08 05  c8 00 58 02  e6 00 04 00  00 00 00 00  00 00 78 00  98 3a 00 00  b8 0b 4c 1d  e8 03 00 05  00 00 00 00  00 00 00 00
DUAL FIST 'ATTACK'		20 00 20 00  20 00 20 00  20 00 20 00  20 00 36 f0  37 f0 00 00  00 00 01 05  e6 00 54 01  18 01 04 01  50 00 78 00  00 00 1e 00  40 1f 00 01  00 00 00 00  78 00 04 05  00 00 00 00  00 00 00 00
DUAL FIST 'FREEZE DOWN'		20 00 20 00  d6 00 ec 00  27 00 bc 00  c2 00 a8 00  ea 00 00 00  21 00 01 05  e6 00 fe 01  68 01 04 00  00 00 00 00  00 00 78 00  b0 36 00 00  d0 07 a0 0f  32 00 04 06  02 50 00 00  00 00 00 00
DUAL FIST 'BLIZZARD RISE'	20 00 d7 00  ec 00 b8 00  27 00 ca 00  eb 00 a6 00  bc 00 00 00  2c 00 08 05  e6 00 ee 02  8c 00 05 00  00 00 00 00  20 03 5a 00  e0 2e 00 00  e8 03 00 00  1e 00 04 08  00 00 00 00  ff 00 00 00
GUARDIAN 'ATTACK'		20 00 20 00  20 00 20 00  20 00 20 00  20 00 36 f0  37 f0 00 00  00 00 01 05  eb 00 54 01  78 00 04 01  50 00 78 00  00 00 1e 00  40 1f 00 00  00 00 00 00  32 00 03 04  00 00 00 00  00 00 00 00
GUARDIAN 'FREEZING EYE'		20 00 af 00  eb 00 27 00  dd 00 ed 00  c7 00 27 00  ba 00 00 00  26 00 04 05  eb 00 08 02  96 00 07 00  00 00 00 00  96 00 96 00  b0 36 00 01  c4 09 88 13  78 00 03 0a  04 19 ff ff  ff ff 00 00
GUARDIAN 'BLIZZARD EDGE'	20 00 bb 00  d2 00 27 00  b1 00 bb 00  eb 00 a6 00  bb 00 00 00  2e 00 01 05  eb 00 9a 01  22 01 0a 00  00 00 00 00  58 02 5a 00  e0 2e 00 00  e8 03 b8 0b  64 00 03 07  04 14 00 00  00 00 00 00
GUARDIAN 'Snooze'		20 00 20 00  20 00 20 00  20 00 e1 00  27 00 cc 00  e4 00 05 00  00 00 02 07  00 00 00 00  00 00 06 00  00 00 00 00  00 00 78 00  c8 32 0a 00  00 00 00 00  00 00 00 00  02 28 00 00  00 00 00 00
GUARDIAN 'Gravity'		20 00 20 00  20 00 20 00  df 00 b2 00  ce 00 a6 00  ca 00 08 00  00 00 01 0f  00 00 00 00  00 00 05 00  00 00 00 00  20 03 3c 00  f8 2a 14 00  00 00 00 00  00 00 00 00  00 00 00 00  00 00 0c 00
KILLER TREE 'ATTACK'		20 00 20 00  20 00 20 00  20 00 20 00  20 00 36 f0  37 f0 00 00  00 00 01 05  d7 00 18 01  04 01 04 01  32 00 64 00  00 00 3c 00  0f 27 00 00  00 00 00 00  3c 00 00 06  00 00 00 00  00 00 00 00
KILLER TREE 'NAPALM FRUIT'	20 00 cb 00  d2 00 27 00  e1 00 d6 00  ed 00 27 00  c5 00 00 00  27 00 06 05  d7 00 90 01  2c 01 05 00  00 00 00 00  f4 01 96 00  c8 32 00 00  e8 03 00 00  32 00 00 08  00 00 00 00  00 00 00 00
MIND EATER 'ATTACK		20 00 20 00  20 00 20 00  20 00 20 00  20 00 36 f0  37 f0 00 00  00 00 01 05  d7 00 18 01  c8 00 04 01  f4 01 64 00  00 00 3c 00  0f 27 00 00  00 00 00 00  64 00 03 05  04 0a 00 00  00 00 00 00
MIND EATER 'MANA CAPTURE'	20 00 df 00  cb 00 af 00  e4 00 d8 00  c3 00 e4 00  27 00 00 00  1a 00 29 06  d7 00 fa 00  0a 00 04 00  00 00 00 00  00 00 96 00  c8 32 00 00  c4 09 00 00  78 00 00 00  00 00 00 00  00 00 32 00
MIND EATER 'SPARK SPINE'	20 00 bb 00  d2 00 27 00  b1 00 bb 00  d2 00 a6 00  ea 00 00 00  25 00 07 05  d7 00 86 01  90 01 05 00  00 00 00 00  90 01 b4 00  98 3a 00 00  dc 05 d0 07  32 00 03 08  04 1e 00 00  00 00 00 00
MIND EATER 'Zap All'		20 00 20 00  20 00 20 00  20 00 eb 00  a6 00 c8 00  ea 00 24 00  00 00 02 06  d7 00 e6 00  2c 01 06 00  00 00 00 00  00 00 78 00  e0 2e 1a 01  e8 03 00 00  50 00 03 0a  04 0f 00 00  00 00 00 00 
VALMAR MOTH 'ATTACK'		20 00 20 00  20 00 20 00  20 00 20 00  20 00 36 f0  37 f0 00 00  00 00 01 05  f0 00 58 02  64 00 04 01  c8 00 64 00  00 00 1e 00  0f 27 00 00  00 00 00 00  96 00 00 00  00 00 00 00  00 00 00 00
VALMAR MAGNA 'ATTACK'		20 00 20 00  20 00 20 00  20 00 20 00  20 00 36 f0  37 f0 00 00  00 00 01 05  f0 00 f4 01  96 00 04 01  fa 00 b4 00  00 00 1e 00  0f 27 00 00  00 00 00 00  78 00 00 00  00 00 00 00  00 00 00 00
VALMAR MAGNA 'MAGNA BORING'	20 00 df 00  b2 00 cb 00  dd 00 27 00  ec 00 ea 00  b2 00 00 00  46 00 01 05  f0 00 ae 01  0e 01 04 00  00 00 00 00  00 00 b4 00  98 3a 00 01  a0 0f 00 00  96 00 00 00  60 41 00 00  00 00 00 00
VALMAR MAGNA 'MAGNA RIPPER'	20 00 20 00  df 00 b2 00  cb 00 ec 00  c4 00 d2 00  27 00 00 00  32 00 01 05  f0 00 5e 01  58 02 04 00  00 00 00 00  00 00 96 00  c8 32 00 00  b8 0b 88 13  50 00 00 00  00 00 00 00  00 00 00 00
VALMAR MAGNA 'Boom'		20 00 20 00  20 00 20 00  20 00 20 00  bc 00 ea 00  ae 00 16 00  00 00 01 06  f0 00 c2 01  c8 00 05 00  00 00 00 00  58 02 5a 00  e0 2e 15 01  d0 07 00 00  78 00 00 00  00 00 00 00  00 00 00 00
VALMAR CORE 'ATTACK'		20 00 20 00  20 00 20 00  20 00 20 00  20 00 36 f0  37 f0 00 00  00 00 04 05  13 01 5e 01  b4 00 04 01  1c 01 be 00  00 00 1e 00  0f 27 00 00  00 00 00 00  64 00 00 00  10 05 00 00  00 00 00 00
VALMAR CORE 'DEAD CLAW'		20 00 20 00  20 00 c8 00  c4 00 ca 00  b1 00 ef 00  27 00 00 00  1c 00 23 05  13 01 d6 01  d2 00 04 00  00 00 00 00  00 00 3c 00  e0 2e 00 01  e8 03 b8 0b  96 00 00 00  40 50 00 00  00 00 00 00
VALMAR CORE 'HAMMER CLAW'	20 00 20 00  d0 00 ea 00  df 00 27 00  bb 00 ef 00  27 00 00 00  31 00 07 05  13 01 36 01  04 01 05 00  00 00 00 00  90 01 5a 00  c8 32 00 01  b8 0b 00 00  2c 01 00 00  00 00 00 00  00 00 00 00
VALMAR CORE 'DAY OF JUDGEMENT'	20 00 20 00  20 00 20 00  20 00 58 f6  81 f5 80 00  47 f0 00 00  3f 00 02 06  13 01 ae 01  5e 01 06 00  00 00 00 00  00 00 96 00  50 46 00 00  f4 01 00 00  32 00 00 00  00 00 00 00  00 00 17 00
VALMAR CORE 'VANISH		20 00 20 00  20 00 22 f0  a3 00 cc 00  c4 00 b9 00  e6 00 00 00  10 00 02 08  00 00 00 00  00 00 0f 00  00 00 00 00  00 00 78 00  98 3a 39 00  00 00 00 00  00 00 00 00  00 00 00 00  00 00 16 00
VALMAR CORE 'SPELLBINDING EYE'	20 00 20 00  20 00 20 00  20 00 5f f2  80 f7 80 00  63 f5 00 00  3c 00 05 0f  00 00 58 02  00 00 04 00  00 00 00 00  00 00 96 00  98 3a 00 00  00 00 00 00  00 00 00 00  00 00 00 00  00 00 0e 00
VALMAR CORE 'Snooze'		20 00 20 00  20 00 20 00  20 00 e1 00  27 00 cc 00  e4 00 06 00  00 00 02 07  00 00 00 00  00 00 06 00  00 00 00 00  00 00 78 00  b0 36 0a 00  00 00 00 00  00 00 00 00  02 1e 00 00  00 00 00 00
VALMAR CORE 'Shhh!'		20 00 20 00  20 00 20 00  20 00 20 00  20 00 b9 00  ea 00 0a 00  00 00 07 07  00 00 00 00  00 00 05 00  00 00 00 00  90 01 5a 00  e0 2e 09 00  00 00 00 00  00 00 00 00  20 3c 00 00  00 00 00 00
VALMAR CORE 'Craze'		20 00 20 00  20 00 20 00  20 00 20 00  b1 00 ed 00  ed 00 0a 00  00 00 07 07  00 00 00 00  00 00 05 00  00 00 00 00  90 01 5a 00  c8 32 20 00  00 00 00 00  00 00 00 00  08 28 00 00  00 00 00 00
VALMAR CORE 'Alhealer'		20 00 20 00  20 00 20 00  e0 00 b3 00  ef 00 df 00  e1 00 12 00  00 00 02 01  00 00 b0 04  64 00 03 00  00 00 00 00  00 00 b4 00  c8 32 0e 00  00 00 00 00  00 00 00 00  00 00 00 00  00 00 00 00
VALMAR CORE 'SPELLBINDING EYE'	20 00 20 00  20 00 20 00  20 00 5f f2  80 f7 80 00  63 f5 00 00  3c 00 05 0f  00 00 58 02  00 00 04 00  00 00 00 00  00 00 96 00  98 3a 00 00  00 00 00 00  00 00 00 00  00 00 00 00  00 00 0e 00
VALMAR CORE 'Poizn'		20 00 20 00  20 00 20 00  20 00 20 00  20 00 de 00  bc 00 01 00  00 00 07 06  13 01 82 00  b4 00 05 00  00 00 00 00  58 02 78 00  c8 32 1e 00  00 00 00 00  00 00 00 00  01 32 00 00  00 00 00 00
VALMAR CORE 'Zap All'		20 00 20 00  20 00 20 00  20 00 eb 00  a6 00 c8 00  ea 00 24 00  00 00 02 06  13 01 04 01  2c 01 06 00  00 00 00 00  00 00 b4 00  98 3a 1a 01  e8 03 00 00  50 00 03 0a  04 14 00 00  00 00 00 00
VALMAR CORE 'Shhh!'		20 00 20 00  20 00 20 00  20 00 20 00  20 00 b9 00  ea 00 0a 00  00 00 07 07  00 00 00 00  00 00 05 00  00 00 00 00  90 01 5a 00  e0 2e 09 00  00 00 00 00  00 00 00 00  20 3c 00 00  00 00 00 00
VALMAR CORE 'Alhealer'		20 00 20 00  20 00 20 00  e0 00 b3 00  ef 00 df 00  e1 00 12 00  00 00 02 01  00 00 b0 04  64 00 03 00  00 00 00 00  00 00 b4 00  c8 32 0e 00  00 00 00 00  00 00 00 00  00 00 00 00  00 00 00 00
VALMAR CORE 'Burnstrike'	20 00 22 f0  a3 00 ea 00  bb 00 c9 00  eb 00 a6 00  b1 00 14 00  00 00 01 06  13 01 72 01  fa 00 04 00  00 00 00 00  00 00 96 00  e0 2e 03 01  00 00 00 00  78 00 00 0a  00 00 00 00  00 00 00 00
VALMAR CORE 'Howlslash'		20 00 d3 00  e6 00 27 00  bb 00 eb 00  c4 00 b9 00  e6 00 12 00  00 00 01 06  13 01 04 01  e1 00 07 00  00 00 00 00  fa 00 78 00  c8 32 06 01  dc 05 00 00  c8 00 01 0a  00 00 00 00  00 00 00 00
VALMAR CORE 'Tremor'		20 00 20 00  20 00 20 00  20 00 b2 00  eb 00 b0 00  ea 00 0f 00  00 00 04 06  13 01 40 01  96 00 05 00  00 00 00 00  58 02 78 00  c8 32 10 00  d0 07 00 00  32 00 02 0a  00 00 00 00  00 00 00 00
LEFT HEAD 'AVENGING CLAW'	20 00 20 00  20 00 20 00  20 00 7b f2  e5 f6 80 00  7f f7 00 00  2a 00 09 06  13 01 ee 02  c8 00 04 00  00 00 00 00  00 00 96 00  80 3e 00 00  94 11 00 00  00 00 00 00  00 00 00 00  00 00 00 00
LEFT HEAD 'Burnflame'		20 00 20 00  22 f0 a3 00  ea 00 d6 00  ee 00 a6 00  e1 00 10 00  00 00 07 06  13 01 aa 00  fa 00 05 00  00 00 00 00  58 02 5a 00  e0 2e 02 00  00 00 00 00  32 00 00 0a  00 00 00 00  00 00 00 00
LEFT HEAD 'Howl'		20 00 20 00  20 00 20 00  20 00 d3 00  e6 00 27 00  a6 00 09 00  00 00 01 06  13 01 82 00  e1 00 05 00  00 00 00 00  58 02 3c 00  f8 2a 05 00  e8 03 00 00  64 00 01 0a  00 00 00 00  00 00 00 00
LEFT HEAD 'Tremor'		20 00 20 00  20 00 20 00  20 00 b2 00  eb 00 b0 00  ea 00 0f 00  00 00 04 06  13 01 40 01  96 00 05 00  00 00 00 00  58 02 78 00  c8 32 10 00  d0 07 00 00  32 00 02 0a  00 00 00 00  00 00 00 00
LEFT HEAD 'Crackle'		20 00 20 00  20 00 20 00  20 00 b9 00  e4 00 af 00  a4 00 01 00  00 00 01 06  13 01 fa 00  13 01 04 00  00 00 00 00  00 00 5a 00  c8 32 24 01  a0 0f 00 00  32 00 04 0a  00 00 00 00  00 00 00 00
MIDDLE HEAD 'STARVE TONGUE'	20 00 20 00  20 00 20 00  20 00 bb f7  a3 f4 80 00  c3 f4 00 00  37 00 02 06  13 01 0c 03  64 00 06 00  00 00 00 00  00 00 5a 00  0f 27 00 01  00 00 00 00  64 00 00 00  00 00 00 00  00 00 00 00
MIDDLE HEAD 'DESTRUCT LIGHT'	20 00 20 00  20 00 20 00  20 00 21 f2  78 f0 80 00  d2 f1 00 00  28 00 01 05  13 01 80 02  fa 00 07 00  00 00 00 00  2c 01 78 00  c8 32 00 00  d0 07 00 00  64 00 00 00  00 00 00 00  00 00 00 00
ZERA VALMAR 'Crackle'		20 00 20 00  20 00 20 00  20 00 b9 00  e4 00 af 00  a4 00 01 00  00 00 01 06  18 01 7c 01  13 01 04 00  00 00 00 00  00 00 1e 00  e0 2e 24 01  a0 0f 00 00  32 00 04 0a  00 00 00 00  00 00 00 00
ZERA VALMAR 'Poizn'		20 00 20 00  20 00 20 00  20 00 20 00  20 00 de 00  bc 00 01 00  00 00 07 06  18 01 1c 02  64 00 05 00  00 00 00 00  58 02 1e 00  c8 32 1e 00  00 00 00 00  00 00 00 00  01 64 00 00  00 00 00 00
ZERA VALMAR 'Ba-Boom'		20 00 20 00  20 00 20 00  20 00 20 00  c8 00 bc 00  ea 00 01 00  00 00 02 06  18 01 76 02  c8 00 06 00  00 00 00 00  00 00 3c 00  50 46 16 01  d0 07 00 00  96 00 00 00  00 00 00 00  00 00 00 00
ZERA VALMAR 'Gadzap'		20 00 20 00  20 00 20 00  20 00 c7 00  ea 00 eb 00  a6 00 01 00  00 00 09 06  18 01 d0 02  2c 01 04 00  00 00 00 00  00 00 3c 00  80 3e 1b 01  dc 05 00 00  50 00 03 0a  04 46 00 00  00 00 00 00
ZERA VALMAR 'Breath of God'	20 00 20 00  20 00 20 00  20 00 d3 f1  80 00 e1 f4  cf f0 01 00  00 00 03 04  00 00 00 00  00 00 01 00  00 00 00 00  00 00 1e 00  f8 2a 18 00  00 00 00 00  00 00 00 00  00 00 01 01  01 01 00 00

* - Start of move data(excluding name)
MP - MP cost of move
SP - SP cost of move
?
T1 - Target Effect
	01(0x01) Restore HP
	02(0x02) Restore MP
	03(0x03) Restore SP
	04(0x04) Ally(?) Buff/Debuff
	05(0x05) Attack/Move(?) Damage
	06(0x06) Magic(?) Damage
	07(0x07) Enemy(?) Buff/Debuff
	08(0x08) Status Change
	15(0x0F) Special(Spellbinding Eye, Gravity, etc.)
STR - Strength of move
POW - Power of move
AD - Affects damage(Multipler???)
T2 - Target Type
	01(0x01) One Ally
	02(0x02) Area Allies
	03(0x03) All Allies
	04(0x04) One Enemy
	05(0x05) Area Enemies
	06(0x06) All Enemies
	07(0x07) Enemy Line
	08(0x08) Self
	09(0x09) Unknown
	10(0x0A) Area Around Self(Beast King Blast)
	11(0x0B) Unknown
	12(0x0C) Unknown
	13(0x0D) Area Around Self(Taint of Wind)
	14(0x0E) Unknown
	15(0x0F) Unknown
?
DIS - Distance enemy can be to execute move
ACC - Accuracy of move
Range - Range of move
Cast - IP duration needed to use move
?
MG - Spell animation Used
DF - DOWN_FLG(from decompilation, likely a knock down flag)
IPS - IP Stun after being hit
IPCS - IP Stun after being cancelled
EL - Element
	00(0x00) Fire
	01(0x01) Wind
	02(0x02) Earth
	03(0x03) Lightning
	04(0x04) Blizzard

ELM - % of attack that is elemental (#0A = 100%)

ST - Status Effect
	001(0x01) Poison
	002(0x02) Sleep
	004(0x04) Paralysis
	008(0x08) Confusion
	016(0x10) Plague
	032(0x20) Magic Block
	064(0x40) Move Block
	128(0x80) Death
%C - Chance of Status
AT - Attack
DF - Defend
AC - Action
MV - Move

SP - Special Effect
	Special_Effects.txt
