              Name C C HP MP SP ST VI AC MO MA ME  ?  ?  ?  ?  ? FI WI EA LI BZ WA EX FO SP  LV1  LV2  LV3  LV4  LV5  Mlt Desc
                   0 0  0  0  0  0  0  0  0  0  0  0  0  0  0  0  0  0  0  0  0  0  0  0  0    0    0    0    0    0    0                                         
           Life Up 1 1 50  0  0  0  0  0  0  0  0  0  0  0  0  0  0  0  0  0  0  0  0  0  0  240  120  180  300  480  200 +50 to +800 Maximum HP                  
       Magic Power 2 2  0 10  0  0  0  0  0  0  0  0  0  0  0  0  0  0  0  0  0  0  0  0  0  240  120  180  300  480  100 +10 to +50 Maximum MP                   
     Special Power 1 1  0  0 10  0  0  0  0  0  0  0  0  0  0  0  0  0  0  0  0  0  0  0  0  240  120  180  300  480  100 +10 to +50 Maximum SP                   
          Strength 1 1  0  0  0 10  0  0  0  0  0  0  0  0  0  0  0  0  0  0  0  0  0  0  0  160   80  120  200  320  100 +10 to +50 STR                          
         Toughness 1 1  0  0  0  0 10  0  0  0  0  0  0  0  0  0  0  0  0  0  0  0  0  0  0  160   80  120  200  320  100 +10 to +50 VIT                          
             Speed 1 1  0  0  0  0  0 10  0  0  0  0  0  0  0  0  0  0  0  0  0  0  0  0  0  320  160  240  400  640  100 +10 to +50 AGI                          
              Dash 1 1  0  0  0  0  0  0 10  0  0  0  0  0  0  0  0  0  0  0  0  0  0  0  0   80   40   60  100  160  100 +10 to +50 SPD                          
      Intelligence 2 2  0  0  0  0  0  0  0 10  0  0  0  0  0  0  0  0  0  0  0  0  0  0  0  160   80  120  200  320  100 +10 to +50 MAG                          
         Mentality 2 2  0  0  0  0  0  0  0  0 10  0  0  0  0  0  0  0  0  0  0  0  0  0  0  160   80  120  200  320  100 +10 to +50 MEN                          
     Zapfire Chant 2 2  0  0  0  0  0  0  0  0  0  0  0  0  0  0  1  0  0  1  0  0  0  0  0  400  200  300  500  800  100 Ups fire/lightning spell power by 10-50%
   Boomflame Chant 2 2  0  0  0  0  0  0  0  0  0  0  0  0  0  0  1  0  0  0  0  0  1  0  0  400  200  300  500  800  100 Ups fire/explosion spell power by 10-50%
  Stormcloud Chant 2 2  0  0  0  0  0  0  0  0  0  0  0  0  0  0  0  1  0  1  0  0  0  0  0  400  200  300  500  800  100 Ups wind/lightning spell power by 10-50%
   Northwind Chant 2 2  0  0  0  0  0  0  0  0  0  0  0  0  0  0  0  1  0  0  1  0  0  1  0  400  200  300  500  800  100 Ups wind/blizzard spell power by 10-50% 
   Leafwater Chant 2 2  0  0  0  0  0  0  0  0  0  0  0  0  0  0  0  0  0  0  0  1  0  1  0  400  200  300  500  800  100 Ups water/forest spell power by 10-50%  
     Glacier Chant 2 2  0  0  0  0  0  0  0  0  0  0  0  0  0  0  0  0  0  0  1  1  0  0  0  400  200  300  500  800  100 Ups water/blizzard spell power by 10-50%
  Quakeblast Chant 2 2  0  0  0  0  0  0  0  0  0  0  0  0  0  0  0  0  1  0  0  0  1  0  0  400  200  300  500  800  100 Ups earth/explosion spell power by10-50%
    Woodland Chant 2 2  0  0  0  0  0  0  0  0  0  0  0  0  0  0  0  0  1  0  0  0  0  1  0  400  200  300  500  800  100 Ups earth/forest spell power by 10-50%  
    Wizardry Chant 2 2  0  0  0  0  0  0  0  0  0  0  0  0  0  0  1  1  0  1  0  0  1  0  0  800  400  600 1000 1600  100 Ups fire/wind/lightn./explo. spell power
      Mystic Chant 2 2  0  0  0  0  0  0  0  0  0  0  0  0  0  0  0  0  1  0  1  1  0  1  0  800  400  600 1000 1600  100 Ups water/earth/forest/bliz. spell power
       Abandonment 1 1  0  0  0  0  0  0  0  0  0  0  0  0  0  0  0  0  0  0  0  0  0  0 11   80   40   60  100  160  100 Ups chances of evading enemy attack     
   Aim for Counter 1 1  0  0  0  0  0  0  0  0  0  0  0  0  0  0  0  0  0  0  0  0  0  0 12  120   60   90  150  240  100 Lets you sometimes counter after evasion
         Defensive 1 1  0  0  0  0  0  0  0  0  0  0  0  0  0  0  0  0  0  0  0  0  0  0 13  120   60   90  150  240  100 Slows reduction in IP                   
   Fighting Spirit 1 1  0  0  0  0  0  0  0  0  0  0  0  0  0  0  0  0  0  0  0  0  0  0 14  120   60   90  150  240  100 Increases SP recovery from damage       
             Decoy 1 1  0  0  0  0  0  0  0  0  0  0  0  0  0  0  0  0  0  0  0  0  0  0 15  320  160  240  400  640  100 Ups chances to be target of enemy attack
      Absorb Magic 2 2  0  0  0  0  0  0  0  0  0  0  0  0  0  0  0  0  0  0  0  0  0  0 16 1000  500  750 1250 2000  100 Makes magic damage restore MP           
     Magic Recover 2 2  0  0  0  0  0  0  0  0  0  0  0  0  0  0  0  0  0  0  0  0  0  0 17  600  300  450  750 1200  100 Cuts IP recovery time after using magic 
      Move Recover 1 1  0  0  0  0  0  0  0  0  0  0  0  0  0  0  0  0  0  0  0  0  0  0 18  600  300  450  750 1200  100 Cuts IP recovery time after using moves 
      Item Recover 1 1  0  0  0  0  0  0  0  0  0  0  0  0  0  0  0  0  0  0  0  0  0  0 19  600  300  450  750 1200  100 Cuts IP recovery time after using items 
  Skilled Item Use 1 1  0  0  0  0  0  0  0  0  0  0  0  0  0  0  0  0  0  0  0  0  0  0 20   80   40   60  100  160  100 Cuts execution times for item commands  
     Pirate's Ring 1 1  0  0  0  0  0  0  0  0  0  0  0  0  0  0  0  0  0  0  0  0  0  0 21  320  160  240  400  640  100 Ups chances to get items after combat   
    Full-Body Blow 1 1  0  0  0  0  0  0  0  0  0  0  0  0  0  0  0  0  0  0  0  0  0  0 22  600  300  450  750 1200  100 Ups IP damage from critical attack      
  Magica Esoterica 2 2  0  0  0  0  0  0  0  0  0  0  0  0  0  0  0  0  0  0  0  0  0  0 23 1000  500  750 1250 2000  100 Adds cancel effect to some attack spells
                   0 0  0  0  0  0  0  0  0  0  0  0  0  0  0  0  0  0  0  0  0  0  0  0  0    0    0    0    0    0    0                                         
                   0 0  0  0  0  0  0  0  0  0  0  0  0  0  0  0  0  0  0  0  0  0  0  0  0    0    0    0    0    0    0                                         
                   0 0  0  0  0  0  0  0  0  0  0  0  0  0  0  0  0  0  0  0  0  0  0  0  0    0    0    0    0    0    0                                         
                   0 0  0  0  0  0  0  0  0  0  0  0  0  0  0  0  0  0  0  0  0  0  0  0  0    0    0    0    0    0    0                                         
                   0 0  0  0  0  0  0  0  0  0  0  0  0  0  0  0  0  0  0  0  0  0  0  0  0    0    0    0    0    0    0                                         
                   0 0  0  0  0  0  0  0  0  0  0  0  0  0  0  0  0  0  0  0  0  0  0  0  0    0    0    0    0    0    0                                         
                   0 0  0  0  0  0  0  0  0  0  0  0  0  0  0  0  0  0  0  0  0  0  0  0  0    0    0    0    0    0    0                                         
                   0 0  0  0  0  0  0  0  0  0  0  0  0  0  0  0  0  0  0  0  0  0  0  0  0    0    0    0    0    0    0                                         
                   0 0  0  0  0  0  0  0  0  0  0  0  0  0  0  0  0  0  0  0  0  0  0  0  0    0    0    0    0    0    0                                         
                   0 0  0  0  0  0  0  0  0  0  0  0  0  0  0  0  0  0  0  0  0  0  0  0  0    0    0    0    0    0    0                                         
                   0 0  0  0  0  0  0  0  0  0  0  0  0  0  0  0  0  0  0  0  0  0  0  0  0    0    0    0    0    0    0                                         
                   0 0  0  0  0  0  0  0  0  0  0  0  0  0  0  0  0  0  0  0  0  0  0  0  0    0    0    0    0    0    0                                         
                   0 0  0  0  0  0  0  0  0  0  0  0  0  0  0  0  0  0  0  0  0  0  0  0  0    0    0    0    0    0    0                                         
                   0 0  0  0  0  0  0  0  0  0  0  0  0  0  0  0  0  0  0  0  0  0  0  0  0    0    0    0    0    0    0                                         
                   0 0  0  0  0  0  0  0  0  0  0  0  0  0  0  0  0  0  0  0  0  0  0  0  0    0    0    0    0    0    0                                         
                   0 0  0  0  0  0  0  0  0  0  0  0  0  0  0  0  0  0  0  0  0  0  0  0  0    0    0    0    0    0    0                                         
                   0 0  0  0  0  0  0  0  0  0  0  0  0  0  0  0  0  0  0  0  0  0  0  0  0    0    0    0    0    0    0                                         
                   0 0  0  0  0  0  0  0  0  0  0  0  0  0  0  0  0  0  0  0  0  0  0  0  0    0    0    0    0    0    0                                         
                   0 0  0  0  0  0  0  0  0  0  0  0  0  0  0  0  0  0  0  0  0  0  0  0  0    0    0    0    0    0    0                                         
                   0 0  0  0  0  0  0  0  0  0  0  0  0  0  0  0  0  0  0  0  0  0  0  0  0    0    0    0    0    0    0                                         
                   0 0  0  0  0  0  0  0  0  0  0  0  0  0  0  0  0  0  0  0  0  0  0  0  0    0    0    0    0    0    0                                         
                   0 0  0  0  0  0  0  0  0  0  0  0  0  0  0  0  0  0  0  0  0  0  0  0  0    0    0    0    0    0    0                                         
                   0 0  0  0  0  0  0  0  0  0  0  0  0  0  0  0  0  0  0  0  0  0  0  0  0    0    0    0    0    0    0                                         
                   0 0  0  0  0  0  0  0  0  0  0  0  0  0  0  0  0  0  0  0  0  0  0  0  0    0    0    0    0    0    0                                         
                   0 0  0  0  0  0  0  0  0  0  0  0  0  0  0  0  0  0  0  0  0  0  0  0  0    0    0    0    0    0    0                                         
                   0 0  0  0  0  0  0  0  0  0  0  0  0  0  0  0  0  0  0  0  0  0  0  0  0    0    0    0    0    0    0                                         
                   0 0  0  0  0  0  0  0  0  0  0  0  0  0  0  0  0  0  0  0  0  0  0  0  0    0    0    0    0    0    0                                         
                   0 0  0  0  0  0  0  0  0  0  0  0  0  0  0  0  0  0  0  0  0  0  0  0  0    0    0    0    0    0    0                                         
                   0 0  0  0  0  0  0  0  0  0  0  0  0  0  0  0  0  0  0  0  0  0  0  0  0    0    0    0    0    0    0                                         
                   0 0  0  0  0  0  0  0  0  0  0  0  0  0  0  0  0  0  0  0  0  0  0  0  0    0    0    0    0    0    0                                         
                   0 0  0  0  0  0  0  0  0  0  0  0  0  0  0  0  0  0  0  0  0  0  0  0  0    0    0    0    0    0    0                                         
                   0 0  0  0  0  0  0  0  0  0  0  0  0  0  0  0  0  0  0  0  0  0  0  0  0    0    0    0    0    0    0                                         
                   0 0  0  0  0  0  0  0  0  0  0  0  0  0  0  0  0  0  0  0  0  0  0  0  0    0    0    0    0    0    0                                         
                   0 0  0  0  0  0  0  0  0  0  0  0  0  0  0  0  0  0  0  0  0  0  0  0  0    0    0    0    0    0    0                                         
                   0 0  0  0  0  0  0  0  0  0  0  0  0  0  0  0  0  0  0  0  0  0  0  0  0    0    0    0    0    0    0                                         
                   0 0  0  0  0  0  0  0  0  0  0  0  0  0  0  0  0  0  0  0  0  0  0  0  0    0    0    0    0    0    0                                         
                   0 0  0  0  0  0  0  0  0  0  0  0  0  0  0  0  0  0  0  0  0  0  0  0  0    0    0    0    0    0    0                                         
                   0 0  0  0  0  0  0  0  0  0  0  0  0  0  0  0  0  0  0  0  0  0  0  0  0    0    0    0    0    0    0                                         
                   0 0  0  0  0  0  0  0  0  0  0  0  0  0  0  0  0  0  0  0  0  0  0  0  0    0    0    0    0    0    0                                         
                   0 0  0  0  0  0  0  0  0  0  0  0  0  0  0  0  0  0  0  0  0  0  0  0  0    0    0    0    0    0    0                                         
                   0 0  0  0  0  0  0  0  0  0  0  0  0  0  0  0  0  0  0  0  0  0  0  0  0    0    0    0    0    0    0                                         
                   0 0  0  0  0  0  0  0  0  0  0  0  0  0  0  0  0  0  0  0  0  0  0  0  0    0    0    0    0    0    0                                         
                   0 0  0  0  0  0  0  0  0  0  0  0  0  0  0  0  0  0  0  0  0  0  0  0  0    0    0    0    0    0    0                                         
                   0 0  0  0  0  0  0  0  0  0  0  0  0  0  0  0  0  0  0  0  0  0  0  0  0    0    0    0    0    0    0                                         
                   0 0  0  0  0  0  0  0  0  0  0  0  0  0  0  0  0  0  0  0  0  0  0  0  0    0    0    0    0    0    0                                         
                   0 0  0  0  0  0  0  0  0  0  0  0  0  0  0  0  0  0  0  0  0  0  0  0  0    0    0    0    0    0    0                                         
                   0 0  0  0  0  0  0  0  0  0  0  0  0  0  0  0  0  0  0  0  0  0  0  0  0    0    0    0    0    0    0                                         
                   0 0  0  0  0  0  0  0  0  0  0  0  0  0  0  0  0  0  0  0  0  0  0  0  0    0    0    0    0    0    0                                         
                   0 0  0  0  0  0  0  0  0  0  0  0  0  0  0  0  0  0  0  0  0  0  0  0  0    0    0    0    0    0    0                                         
                   0 0  0  0  0  0  0  0  0  0  0  0  0  0  0  0  0  0  0  0  0  0  0  0  0    0    0    0    0    0    0                                         
                   0 0  0  0  0  0  0  0  0  0  0  0  0  0  0  0  0  0  0  0  0  0  0  0  0    0    0    0    0    0    0                                         
                   0 0  0  0  0  0  0  0  0  0  0  0  0  0  0  0  0  0  0  0  0  0  0  0  0    0    0    0    0    0    0                                         
                   0 0  0  0  0  0  0  0  0  0  0  0  0  0  0  0  0  0  0  0  0  0  0  0  0    0    0    0    0    0    0                                         
                   0 0  0  0  0  0  0  0  0  0  0  0  0  0  0  0  0  0  0  0  0  0  0  0  0    0    0    0    0    0    0                                         
                   0 0  0  0  0  0  0  0  0  0  0  0  0  0  0  0  0  0  0  0  0  0  0  0  0    0    0    0    0    0    0                                         
                   0 0  0  0  0  0  0  0  0  0  0  0  0  0  0  0  0  0  0  0  0  0  0  0  0    0    0    0    0    0    0                                         
                   0 0  0  0  0  0  0  0  0  0  0  0  0  0  0  0  0  0  0  0  0  0  0  0  0    0    0    0    0    0    0                                         
                   0 0  0  0  0  0  0  0  0  0  0  0  0  0  0  0  0  0  0  0  0  0  0  0  0    0    0    0    0    0    0                                         
                   0 0  0  0  0  0  0  0  0  0  0  0  0  0  0  0  0  0  0  0  0  0  0  0  0    0    0    0    0    0    0                                         
                   0 0  0  0  0  0  0  0  0  0  0  0  0  0  0  0  0  0  0  0  0  0  0  0  0    0    0    0    0    0    0                                         
                   0 0  0  0  0  0  0  0  0  0  0  0  0  0  0  0  0  0  0  0  0  0  0  0  0    0    0    0    0    0    0                                         
                   0 0  0  0  0  0  0  0  0  0  0  0  0  0  0  0  0  0  0  0  0  0  0  0  0    0    0    0    0    0    0                                         
                   0 0  0  0  0  0  0  0  0  0  0  0  0  0  0  0  0  0  0  0  0  0  0  0  0    0    0    0    0    0    0                                         
                   0 0  0  0  0  0  0  0  0  0  0  0  0  0  0  0  0  0  0  0  0  0  0  0  0    0    0    0    0    0    0                                         
                   0 0  0  0  0  0  0  0  0  0  0  0  0  0  0  0  0  0  0  0  0  0  0  0  0    0    0    0    0    0    0                                         
                   0 0  0  0  0  0  0  0  0  0  0  0  0  0  0  0  0  0  0  0  0  0  0  0  0    0    0    0    0    0    0                                         
                   0 0  0  0  0  0  0  0  0  0  0  0  0  0  0  0  0  0  0  0  0  0  0  0  0    0    0    0    0    0    0                                         
                   0 0  0  0  0  0  0  0  0  0  0  0  0  0  0  0  0  0  0  0  0  0  0  0  0    0    0    0    0    0    0                                         
                   0 0  0  0  0  0  0  0  0  0  0  0  0  0  0  0  0  0  0  0  0  0  0  0  0    0    0    0    0    0    0                                         
                   0 0  0  0  0  0  0  0  0  0  0  0  0  0  0  0  0  0  0  0  0  0  0  0  0    0    0    0    0    0    0                                         
                   0 0  0  0  0  0  0  0  0  0  0  0  0  0  0  0  0  0  0  0  0  0  0  0  0    0    0    0    0    0    0                                         
                   0 0  0  0  0  0  0  0  0  0  0  0  0  0  0  0  0  0  0  0  0  0  0  0  0    0    0    0    0    0    0                                         
                   0 0  0  0  0  0  0  0  0  0  0  0  0  0  0  0  0  0  0  0  0  0  0  0  0    0    0    0    0    0    0                                         
                   0 0  0  0  0  0  0  0  0  0  0  0  0  0  0  0  0  0  0  0  0  0  0  0  0    0    0    0    0    0    0                                         
                   0 0  0  0  0  0  0  0  0  0  0  0  0  0  0  0  0  0  0  0  0  0  0  0  0    0    0    0    0    0    0                                         
                   0 0  0  0  0  0  0  0  0  0  0  0  0  0  0  0  0  0  0  0  0  0  0  0  0    0    0    0    0    0    0                                         
                   0 0  0  0  0  0  0  0  0  0  0  0  0  0  0  0  0  0  0  0  0  0  0  0  0    0    0    0    0    0    0                                         
                   0 0  0  0  0  0  0  0  0  0  0  0  0  0  0  0  0  0  0  0  0  0  0  0  0    0    0    0    0    0    0                                         
                   0 0  0  0  0  0  0  0  0  0  0  0  0  0  0  0  0  0  0  0  0  0  0  0  0    0    0    0    0    0    0                                         
                   0 0  0  0  0  0  0  0  0  0  0  0  0  0  0  0  0  0  0  0  0  0  0  0  0    0    0    0    0    0    0                                         
                   0 0  0  0  0  0  0  0  0  0  0  0  0  0  0  0  0  0  0  0  0  0  0  0  0    0    0    0    0    0    0                                         
                   0 0  0  0  0  0  0  0  0  0  0  0  0  0  0  0  0  0  0  0  0  0  0  0  0    0    0    0    0    0    0                                         
                   0 0  0  0  0  0  0  0  0  0  0  0  0  0  0  0  0  0  0  0  0  0  0  0  0    0    0    0    0    0    0                                         
                   0 0  0  0  0  0  0  0  0  0  0  0  0  0  0  0  0  0  0  0  0  0  0  0  0    0    0    0    0    0    0                                         
                   0 0  0  0  0  0  0  0  0  0  0  0  0  0  0  0  0  0  0  0  0  0  0  0  0    0    0    0    0    0    0                                         
                   0 0  0  0  0  0  0  0  0  0  0  0  0  0  0  0  0  0  0  0  0  0  0  0  0    0    0    0    0    0    0                                         
                   0 0  0  0  0  0  0  0  0  0  0  0  0  0  0  0  0  0  0  0  0  0  0  0  0    0    0    0    0    0    0                                         
                   0 0  0  0  0  0  0  0  0  0  0  0  0  0  0  0  0  0  0  0  0  0  0  0  0    0    0    0    0    0    0                                         
                   0 0  0  0  0  0  0  0  0  0  0  0  0  0  0  0  0  0  0  0  0  0  0  0  0    0    0    0    0    0    0                                         
                   0 0  0  0  0  0  0  0  0  0  0  0  0  0  0  0  0  0  0  0  0  0  0  0  0    0    0    0    0    0    0                                         
                   0 0  0  0  0  0  0  0  0  0  0  0  0  0  0  0  0  0  0  0  0  0  0  0  0    0    0    0    0    0    0                                         
                   0 0  0  0  0  0  0  0  0  0  0  0  0  0  0  0  0  0  0  0  0  0  0  0  0    0    0    0    0    0    0                                         
                   0 0  0  0  0  0  0  0  0  0  0  0  0  0  0  0  0  0  0  0  0  0  0  0  0    0    0    0    0    0    0                                         
                   0 0  0  0  0  0  0  0  0  0  0  0  0  0  0  0  0  0  0  0  0  0  0  0  0    0    0    0    0    0    0                                         
                   0 0  0  0  0  0  0  0  0  0  0  0  0  0  0  0  0  0  0  0  0  0  0  0  0    0    0    0    0    0    0                                         

18 byte Name - name of skill
01 byte C - cost type(MC/SP)
02 byte HP - Base HP increase value
02 byte MP - Base MP increase value
02 byte SP - Base SP increase value
02 byte ST - Base STR increase value
02 byte VI - Base VIT increase value
02 byte AC - Base ACT increase value
02 byte MO - Base MOV increase value
02 byte MA - base MAG increase value
02 byte ME - Base MEN increase value
01 byte ?
01 byte ?
01 byte ?
01 byte ?
01 byte ?
01 byte FI - Base Fire damage dealt(1 = 10%)
01 byte WI - Base Wind damage dealt(1 = 10%)
01 byte EA - Base Earth damage dealt(1 = 10%)
01 byte LI - Base Lightning damage dealt(1 = 10%)
01 byte BZ - Base Blizzard damage dealt(1 = 10%)
01 byte WA - Base Water healing dealt(1 = 10%)
01 byte EX - Base Explosion damage dealt(1 = 10%)
01 byte FO - Base Forest damage dealt(1 = 10%)
01 byte SP - Special Effect
	Special_Effects.txt
02 byte LV1 - cost of lv1
02 byte LV2 - cost of lv2
02 byte LV3 - cost of lv3
02 byte LV4 - cost of lv4
02 byte LV5 - cost of lv5
02 byte Mlt - Skill value multiplier (i.e. - Life Up(mlt = 200(%) = 2, lv1 = 50HP, lv2 = 100HP, lv3 = 200HP, lv4 = 400, lv5 = 800)
40 byte Desc - Description of skill