Off  SL    SF Off  SL    SF Off  SL    SF Off  SL    SF Off  SL    SF Off  SL    SF
  0   0     0   0   0     0   0   0     0   0   0     0   0   0     0   0   0     0 
 61   1     0  62   0     0  63   0     0  64   0 28600   0   0     0   0   0     0 
 67   1     0  68   0     0  69   0     0  70   0     0   0   0     0   0   0     0 
 73   1     0  74   0     0  75   1     0  76   0 16100  77   0 20400  78   0 24600 
 79   1     0  81   0     0  80   0     0  82   0     0   0   0     0   0   0     0 
 85   1     0  87   0     0  86   0     0  88   0 35800   0   0     0   0   0     0 
 91   1     0  93   0     0  92   0     0  94   0     0   0   0     0   0   0     0 
 97   1     0  99   0     0  98   0     0 100   0     0   0   0     0   0   0     0 
 61   0     0  62   0     0  63   0     0  64   0 28600   0   0     0   0   0     0 
 61   1     0  62   0     0  63   0     0  64   0 28600   0   0     0   0   0     0 
 61   0     0  62   0     0  63   0     0  64   0 28600   0   0     0   0   0     0 
 61   0     0  62   0     0  63   0     0  64   0 28600   0   0     0   0   0     0 
 61   1     0  62   0     0  63   0     0  64   0 28600   0   0     0   0   0     0 
 61   0     0  62   0     0  63   0     0  64   0 28600   0   0     0   0   0     0 

01 byte Off - Offset of move from MS_PARAM.BIN
01 byte SL - Starting level of move
02 byte SF - Story progress flag required to unlock move(?)