78 = key item
7a = equipment
7d = item

                TY TY LV     HP           MP    SP     VIT   AGI    SPD   MEN    STA   IPS    IPCS  EV EVM FI WI EA LT  BZ ST RKB?   TREC  TDMG         THEAL  SIZE            NO        XP           SKILLCOINS   MAGICCOINS   GP           ITEM1 ITEM2  %1 %2        AI Start           AI start            AI start           AI start            AI Start           ?? ??
MOTTLED SPIDER	02 02 0A 00  FA 00 00 00  00 00 3C 00  64 00 32 00  3B 00 3C 00  0D 01 14 00  32 00 00 00  00 00 00 00  00 00 05 00  0C 03 2C 01  00 00 F4 01  5A 00 C8 00  00 00 00 00  08 00 00 00  0F 00 00 00  05 00 00 00  02 00 00 00  6A 00 F9 00  14 05 00 00  01 46 1E 00  00 00 0D 5A  0A 00 00 00  00 00 00 00  00 00 0F 64  00 00 00 00  00 00 00 00  00 00 00 00

FENNY BIRD      01 01 23 00  22 06 00 00  00 00 00 00  BA 00 6C 00  64 00 98 00  C0 00 14 00  32 00 19 00  08 FA 00 00  F8 00 00 00  1C 02 F0 00  00 00 F4 01  64 00 C8 00  00 00 00 00  31 00 00 00  0E 00 00 00  4C 00 00 00  1A 00 00 00  E4 00 42 00  05 01 00 00  01 64 00 00  00 00 00 00  00 00 00 00  00 00 00 00  00 00 00 00  00 00 00 00  00 00 00 00  00 00 00 00

DODO			01 01 0A 00  E6 00 00 00  00 00 00 00  6E 00 37 00  62 00 6E 00  C0 00 14 00  32 00 00 00  00 00 00 00  00 00 00 00  48 03 0E 01  00 00 F4 01  64 00 C8 00  00 00 00 00  06 00 00 00  0A 00 00 00  08 00 00 00  07 00 00 00  6A 00 72 00  14 05 00 00  01 64 00 00  00 00 00 00  00 00 00 00  00 00 00 00  00 00 00 00  00 00 00 00  00 00 00 00  00 00 00 00
GARGOYLE		06 06 0A 00  7C 01 00 00  50 00 00 00  73 00 2D 00  45 00 87 00  FA 00 14 00  32 00 00 00  00 00 00 00  00 1E 05 00  E0 01 F0 00  00 00 F4 01  5A 00 C8 00  00 00 00 00  12 00 00 00  36 00 00 00  15 00 00 00  0C 00 00 00  DA 00 3C 01  14 01 00 00  01 3C 1E 0A  00 00 0A 50  14 00 00 00  03 28 23 19  00 00 0F 64  00 00 00 00  00 00 00 00  00 00 00 00
CRAG SNAKE		03 03 0B 00  18 01 00 00  00 00 00 00  7D 00 4C 00  63 00 35 00  C0 00 14 00  32 00 00 00  00 00 05 00  00 01 05 00  D0 02 C2 01  00 00 F4 01  64 00 C8 00  00 00 00 00  0C 00 00 00  18 00 00 00  14 00 00 00  1B 00 00 00  7E 00 00 03  14 05 00 00  01 64 00 00  00 00 00 00  00 00 00 00  00 00 00 00  00 00 00 00  00 00 00 00  00 00 00 00  00 00 00 00
FROST FROG		03 03 0D 00  90 01 00 00  00 00 00 00  71 00 49 00  62 00 43 00  C0 00 14 00  32 00 00 00  FD 00 00 00  05 00 05 00  48 03 F0 00  00 00 F4 01  5A 00 C8 00  00 00 00 00  0B 00 00 00  1A 00 00 00  11 00 00 00  25 00 00 00  81 00 A3 00  1E 08 00 00  01 64 00 00  00 00 00 00  00 00 00 00  00 00 00 00  00 00 00 00  00 00 00 00  00 00 00 00  00 00 00 00
TROGLODYTE		05 05 0D 00  D4 03 00 00  00 00 D2 00  76 00 46 00  28 00 5A 00  20 01 14 00  32 00 0A 00  FD 00 00 00  04 80 0A 00  A4 01 2C 01  00 00 F4 01  50 00 C8 00  00 01 00 00  18 00 00 00  28 00 00 00  0A 00 00 00  A0 00 00 00  D5 00 BF 02  0A 78 00 00  01 55 0F 00  00 00 08 1E  46 00 00 00  00 00 00 00  00 00 00 00  00 00 00 00  00 00 00 00  00 00 00 00
MINOTAUR		0B 05 13 00  68 10 00 00  00 00 68 01  8C 00 78 00  3C 00 6E 00  0D 01 14 00  32 00 00 00  00 FD 0A FA  00 82 19 00  2C 01 1C 02  00 00 F4 01  96 00 C8 00  00 01 00 00  D2 00 00 00  D0 02 00 00  00 00 00 00  00 00 00 00  00 00 33 00  00 64 00 00  01 28 3C 00  00 00 0C 64  00 00 00 00  00 00 00 00  00 00 00 00  00 00 00 00  00 00 00 00  00 00 00 00
GIANT MANTIS	02 02 0F 00  A4 01 00 00  00 00 00 00  7A 00 4E 00  4E 00 50 00  E6 00 14 00  32 00 00 00  FC 07 00 00  00 00 0A 00  0C 03 F0 00  00 00 F4 01  64 00 C8 00  00 00 00 00  05 00 00 00  0B 00 00 00  12 00 00 00  17 00 00 00  69 00 41 00  0F 03 00 00  01 64 00 00  00 00 00 00  00 00 00 00  00 00 00 00  00 00 00 00  00 00 00 00  00 00 00 00  00 00 00 00
SANDMAN			04 04 0F 00  54 01 00 00  00 00 78 00  67 00 41 00  3C 00 5E 00  0D 01 14 00  32 00 00 00  00 00 08 00  00 00 05 00  D0 02 F0 00  00 00 F4 01  46 00 C8 00  00 00 00 00  0D 00 00 00  10 00 00 00  0F 00 00 00  19 00 00 00  E0 00 DD 00  0A 02 00 00  01 46 19 05  00 00 0A 55  0F 00 00 00  00 00 00 00  00 00 00 00  00 00 00 00  00 00 00 00  00 00 00 00
GHOUL			07 07 11 00  9E 02 00 00  46 00 64 00  87 00 4B 00  2A 00 73 00  20 01 14 00  32 00 00 00  FD 00 00 00  06 02 05 00  1C 02 68 01  00 00 F4 01  46 00 C8 00  00 00 00 00  0F 00 00 00  13 00 00 00  1E 00 00 00  22 00 00 00  F7 00 7B 00  0A 05 00 00  01 2D 0A 1E  0F 00 06 14  3C 14 00 00  00 00 00 00  00 00 00 00  00 00 00 00  00 00 00 00  00 00 00 00
VALMAR'S TONGUE	15 08 19 00  40 1F 00 00  68 01 70 03  83 00 81 00  28 00 99 00  20 01 0A 00  32 00 00 00  FB 00 00 00  03 DE 23 00  F0 00 A4 01  00 00 F4 01  C8 00 C8 00  00 01 00 00  F4 01 00 00  B0 04 00 00  20 03 00 00  00 00 00 00  00 00 34 00  00 64 00 00  01 28 00 0F  19 14 00 0A  28 19 0F 0A  00 0A 14 19  1E 0F 00 14  19 0F 0A 1E  00 00 00 00  00 00 00 00
VT'S RIGHT(1)	16 08 19 00  A0 0F 00 00  00 00 E0 01  A2 00 62 00  28 00 50 00  20 01 0A 00  32 00 00 00  FD 00 03 00  00 8B 23 00  E0 01 F0 00  00 00 F4 01  64 00 C8 00  00 01 00 00  00 00 00 00  00 00 00 00  00 00 00 00  00 00 00 00  00 00 0F 02  00 64 00 00  01 32 32 00  00 00 00 64  00 00 00 00  00 00 00 00  00 00 00 00  00 00 00 00  00 00 00 00  00 00 00 00
VT'S LEFT(2)	17 08 19 00  A0 0F 00 00  00 00 E0 01  99 00 76 00  28 00 5A 00  20 01 0A 00  32 00 00 00  04 00 00 00  FB 8A 23 00  E0 01 F0 00  00 00 F4 01  64 00 C8 00  00 01 00 00  00 00 00 00  00 00 00 00  00 00 00 00  00 00 00 00  00 00 DD 02  00 64 00 00  01 32 32 00  00 00 00 64  00 00 00 00  00 00 00 00  00 00 00 00  00 00 00 00  00 00 00 00  00 00 00 00
VT'S HEAD		18 08 19 00  88 13 00 00  70 03 68 01  6B 00 53 00  28 00 A5 00  20 01 0A 00  32 00 00 00  00 00 00 00  00 AC 23 00  68 01 2C 01  00 00 F4 01  64 00 C8 00  00 01 00 00  00 00 00 00  00 00 00 00  00 00 00 00  20 03 00 00  00 00 00 00  00 00 00 00  01 0F 32 0A  19 00 00 23  00 14 0F 1E  00 00 1E 14  0F 23 00 00  3C 19 0F 00  00 00 00 00  00 00 00 00
BIGFOOT			05 05 13 00  ee 02 00 00  00 00 00 00  a2 00 52 00  46 00 6b 00  fa 00 14 00  32 00 00 00  f8 00 00 00  09 00 14 00  94 02 f0 00  00 00 f4 01  5a 00 c8 00  00 00 00 00  1d 00 00 00  2f 00 00 00  23 00 00 00  2e 00 00 00  f2 00 90 00  0a 03 00 00  01 64 00 00  00 00 00 00  00 00 00 00  00 00 00 00  00 00 00 00  00 00 00 00  00 00 00 00  00 00 00 00 
CATERPILLAR		02 02 13 00  76 02 00 00  00 00 00 00  83 00 48 00  32 00 61 00  20 01 14 00  32 00 00 00  00 00 00 00  00 06 0a 00  58 02 0e 01  00 00 f4 01  64 00 c8 00  00 00 00 00  15 00 00 00  21 00 00 00  24 00 00 00  05 00 00 00  7e 00 1d 03  0f 02 00 00  01 64 00 00  00 00 00 00  00 00 00 00  00 00 00 00  00 00 00 00  00 00 00 00  00 00 00 00  00 00 00 00  
TWIN OGRE		05 05 14 00  a8 02 00 00  00 00 82 00  96 00 4d 00  46 00 75 00  fa 00 14 00  32 00 00 00  00 00 00 00  00 00 0a 00  1c 02 f0 00  00 00 f4 01  50 00 c8 00  00 00 00 00  1b 00 00 00  34 00 00 00  1d 00 00 00  26 00 00 00  e0 00 43 02  0f 03 00 00  01 3c 28 00  00 00 00 00  00 00 00 00  00 00 00 00  00 00 0f 5a  0a 00 00 00  00 00 00 00  00 00 00 00  
HAMMERHEAD		03 03 14 00  3e 03 00 00  00 00 b4 00  9c 00 58 00  66 00 5d 00  c0 00 14 00  32 00 00 00  00 00 00 07  fe 00 14 00  0c 03 68 01  00 00 f4 01  82 00 c8 00  00 00 00 00  21 00 00 00  30 00 00 00  26 00 00 00  30 00 00 00  7f 00 3d 00  0f 03 00 00  01 4b 19 00  00 00 03 3c  28 00 00 00  00 00 00 00  00 00 00 00  00 00 00 00  00 00 00 00  00 00 00 00
EYEBALL BAT		1d 08 1e 00  b8 0b 00 00  00 00 72 01  94 00 69 00  64 00 7e 00  c0 00 0f 00  32 00 00 00  00 00 05 00  00 91 05 00  68 01 68 01  00 00 f4 01  46 00 c8 00  00 01 00 00  32 00 00 00  e1 00 00 00  e1 00 00 00  c3 00 00 00  00 00 35 00  00 78 00 00  01 5a 0a 00  00 00 03 64  00 00 00 00  00 00 00 00  00 00 00 00  00 00 00 00  00 00 00 00  00 00 00 00  
STAR MIRAGE		01 01 15 00  d0 02 00 00  00 00 a0 00  81 00 50 00  4e 00 70 00  e6 00 14 00  32 00 00 00  00 00 06 00  fb 08 00 00  58 02 f0 00  00 00 f4 01  64 00 c8 00  00 00 00 00  10 00 00 00  27 00 00 00  13 00 00 00  49 00 00 00  81 00 43 00  0a 02 00 00  01 50 14 00  00 00 00 00  00 00 00 00  00 00 00 00  00 00 00 00  00 00 00 00  00 00 00 00  00 00 00 00
HELLHOUND		04 04 16 00  44 02 00 00  6e 00 00 00  9f 00 61 00  52 00 8a 00  c0 00 14 00  32 00 00 00  07 00 00 00  f9 00 05 00  a4 01 f0 00  00 00 f4 01  78 00 c8 00  00 00 00 00  13 00 00 00  16 00 00 00  35 00 00 00  36 00 00 00  df 00 38 01  0f 01 00 00  01 3c 0f 19  00 00 09 4b  0f 0a 00 00  00 00 00 00  00 00 00 00  00 00 00 00  00 00 00 00  00 00 00 00
VE				1a 08 1e 00  e0 2e 00 00  94 02 d0 02  b0 00 91 00  28 00 84 00  20 01 0a 00  32 00 00 00  00 00 08 00  00 fe 1e 00  2c 01 68 01  00 00 f4 01  c8 00 c8 00  00 01 00 00  20 03 00 00  08 07 00 00  08 07 00 00  00 00 00 00  00 00 cd 02  00 64 00 00  01 05 32 1e  0f 00 00 14  23 2d 00 00  00 0a 19 23  1e 00 00 23  0f 1e 14 00  00 00 00 00  00 00 00 00
VRE				1b 08 1e 00  70 17 00 00  00 00 58 02  9d 00 80 00  28 00 67 00  20 01 0a 00  32 00 00 00  00 00 00 00  00 8c 1e 00  e0 01 f0 00  00 00 f4 01  5a 00 c8 00  00 01 00 00  00 00 00 00  00 00 00 00  00 00 00 00  00 00 00 00  00 00 8d 01  00 64 00 00  01 64 00 00  00 00 00 28  3c 00 00 00  00 00 64 00  00 00 00 00  00 00 00 00  00 00 00 00  00 00 00 00
VLE				1c 08 1e 00  70 17 00 00  00 00 58 02  9d 00 5e 00  28 00 67 00  20 01 0a 00  32 00 00 00  00 00 00 00  00 8a 1e 00  e0 01 f0 00  00 00 f4 01  5a 00 c8 00  00 01 00 00  00 00 00 00  00 00 00 00  00 00 00 00  00 00 00 00  00 00 c0 02  00 64 00 00  01 46 1e 00  00 00 00 1e  46 00 00 00  00 00 64 00  00 00 00 00  00 00 00 00  00 00 00 00  00 00 00 00
EYEBALL BAT(2)	1d 08 1e 00  b8 0b 00 00  00 00 72 01  95 00 69 00  64 00 7e 00  c0 00 0f 00  32 00 00 00  00 00 05 00  00 91 05 00  68 01 68 01  00 00 f4 01  46 00 c8 00  00 01 00 00  00 00 00 00  00 00 00 00  00 00 00 00  2c 01 00 00  00 00 00 00  00 00 00 00  01 46 1e 00  00 00 00 64  00 00 00 00  00 00 00 00  00 00 00 00  00 00 00 00  00 00 00 00  00 00 00 00  
CHAMELEON		03 03 18 00  0c 03 00 00  00 00 00 00  a5 00 53 00  3d 00 7d 00  0d 01 14 00  32 00 00 00  00 00 00 00  00 01 05 00  58 02 4a 01  00 00 f4 01  64 00 c8 00  00 00 00 00  0e 00 00 00  1b 00 00 00  0d 00 00 00  32 00 00 00  7d 00 d9 02  0f 03 00 00  01 64 00 00  00 00 00 00  00 00 00 00  00 00 00 00  00 00 00 00  00 00 00 00  00 00 00 00  00 00 00 00
LARD COUGAR		04 04 1A 00  E8 03 00 00  B4 00 00 00  AA 00 70 00  67 00 8E 00  C0 00 14 00  32 00 14 00  00 08 00 00  00 08 0A 00  E0 01 E0 01  00 00 F4 01  78 00 C8 00  00 00 00 00  19 00 00 00  11 00 00 00  31 00 00 00  16 00 00 00  71 00 D1 00  14 05 00 00  01 1E 0A 28  0F 05 09 46  00 05 0F 0A  00 00 00 00  00 00 00 00  00 00 00 00  00 00 00 00  00 00 00 00
DRAGONOID		03 03 1a 00  c0 03 00 00  32 00 50 00  b6 00 5d 00  5e 00 84 00  c0 00 14 00  32 00 00 00  06 00 fb 00  00 00 0a 00  58 02 2c 01  00 00 f4 01  78 00 c8 00  00 00 00 00  20 00 00 00  1f 00 00 00  2a 00 00 00  3f 00 00 00  d2 00 40 00  0f 03 00 00  01 4b 0f 0a  00 00 00 00  00 00 00 00  00 00 00 00  00 00 00 00  00 00 00 00  00 00 00 00  00 00 00 00
SKULL SNAIL		07 07 1b 00  98 03 00 00  96 00 6e 00  a8 00 49 00  33 00 90 00  20 01 14 00  32 00 00 00  fc 00 00 00  07 02 0a 00  d0 02 2c 01  00 00 f4 01  78 00 c8 00  00 00 00 00  1e 00 00 00  19 00 00 00  2e 00 00 00  0f 00 00 00  cf 00 ff 00  0f 05 00 00  01 3c 0f 0f  0a 00 06 19  32 0a 0f 00  00 00 00 00  00 00 0f 50  0a 05 05 00  00 00 00 00  00 00 00 00
WARP WARRIOR	07 07 1b 00  52 03 00 00  00 00 18 01  c2 00 4e 00  3e 00 88 00  0d 01 14 00  32 00 00 00  00 07 f8 00  00 82 0a 00  58 02 2c 01  00 00 f4 01  50 00 c8 00  00 00 00 00  1c 00 00 00  3b 00 00 00  03 00 00 00  29 00 00 00  84 00 d5 02  0a 02 00 00  01 3c 19 0f  00 00 00 00  00 00 00 00  00 00 00 00  00 00 0f 55  0a 05 00 00  00 00 00 00  00 00 00 00
VEIN BRAIN		07 07 1c 00  20 03 00 00  82 00 00 00  99 00 74 00  50 00 c4 00  e6 00 14 00  32 00 00 00  fb 00 00 07  00 0c 00 00  c0 03 86 01  00 00 f4 01  5a 00 c8 00  00 00 00 00  11 00 00 00  08 00 00 00  41 00 00 00  48 00 00 00  d0 00 44 00  0f 03 00 00  01 1e 3c 0a  00 00 03 3c  0a 1e 00 00  00 00 00 00  00 00 0f 55  0a 05 00 00  00 00 00 00  00 00 00 00
VALMAR'S CLAW	1f 08 23 00  b0 36 00 00  ea 01 48 03  11 01 a1 00  32 00 9e 00  20 01 0a 00  1e 00 00 00  00 00 fb 00  00 fe 28 00  f0 00 e0 01  00 00 f4 01  aa 00 c8 00  00 01 00 00  e8 03 00 00  60 09 00 00  b0 04 00 00  00 00 00 00  00 00 37 00  00 64 00 00  01 0f 19 0a  14 1e 00 0a  28 14 19 05  00 0a 0f 0a  1e 23 00 00  1e 14 32 00  00 00 00 00  00 00 00 00
VC'S LEFT		21 08 23 00  28 23 00 00  30 02 c2 01  ea 00 8f 00  32 00 ed 00  20 01 0a 00  1e 00 00 00  00 00 f9 05  00 bc 28 00  e0 01 f0 00  00 00 f4 01  5a 00 c8 00  00 01 00 00  00 00 00 00  00 00 00 00  00 00 00 00  34 08 00 00  00 00 00 00  00 00 00 00  01 14 32 00  00 1e 00 1e  00 19 0a 23  00 00 00 00  00 00 00 00  00 00 00 00  00 00 00 00  00 00 00 00
VC's RIGHT		20 08 23 00  40 1f 00 00  b8 01 1c 02  60 01 7e 00  32 00 5f 00  20 01 0a 00  1e 00 00 00  00 00 fd 00  07 9a 28 00  e0 01 f0 00  00 00 f4 01  5a 00 c8 00  00 01 00 00  00 00 00 00  00 00 00 00  00 00 00 00  00 00 00 00  00 00 c9 02  00 64 00 00  01 0f 3c 00  00 19 00 14  00 28 0f 19  00 00 00 00  00 00 00 00  00 00 00 00  00 00 00 00  00 00 00 00
CRIMSON CLAW	02 02 1e 00  ce 04 00 00  00 00 aa 00  d4 00 5c 00  47 00 6c 00  fa 00 14 00  32 00 00 00  00 00 06 fb  00 02 05 00  58 02 2c 01  00 00 f4 01  3c 00 c8 00  00 00 00 00  1f 00 00 00  29 00 00 00  1c 00 00 00  41 00 00 00  f3 00 83 00  0a 05 00 00  01 5a 0a 00  00 00 00 00  00 00 00 00  00 00 00 00  00 00 00 00  00 00 00 00  00 00 00 00  00 00 00 00
FLAME TOAD		03 03 1e 00  ac 03 00 00  00 00 00 00  b2 00 57 00  64 00 76 00  c0 00 14 00  32 00 00 00  08 00 00 fe  fa 00 05 00  94 02 e0 01  00 00 f4 01  5a 00 c8 00  00 00 00 00  23 00 00 00  14 00 00 00  20 00 00 00  12 00 00 00  d8 00 1c 03  0f 05 00 00  01 64 00 00  00 00 00 00  00 00 00 00  00 00 00 00  00 00 00 00  00 00 00 00  00 00 00 00  00 00 00 00
SCALY WARRIOR	05 05 1e 00  88 04 00 00  00 00 e6 00  c3 00 67 00  29 00 7c 00  20 01 14 00  32 00 00 00  00 00 00 fc  00 00 0a 00  68 01 f0 00  00 00 f4 01  50 00 c8 00  00 00 00 00  2d 00 00 00  33 00 00 00  17 00 00 00  5d 00 00 00  68 00 3f 00  0f 03 00 00  01 46 1e 00  00 00 00 00  00 00 00 00  00 00 00 00  00 00 00 00  00 00 00 00  00 00 00 00  00 00 00 00
CRIMSON TAIL	0c 02 24 00  48 26 00 00  00 00 6c 02  e6 00 95 00  49 00 80 00  fa 00 0f 00  1e 00 00 00  00 00 07 fb  00 ca 0a 00  d2 00 c2 01  00 00 f4 01  be 00 c8 00  00 01 00 00  fa 00 00 00  b0 04 00 00  2c 01 00 00  e8 03 00 00  46 00 c1 02  02 78 00 00  01 32 0f 23  00 00 02 19  2d 1e 00 00  00 00 00 00  00 00 00 00  00 00 00 00  00 00 00 00  00 00 00 00
CLAY BIRD		01 01 20 00  08 07 00 00  8c 00 96 00  dd 00 65 00  4f 00 85 00  c0 00 14 00  32 00 00 00  00 f9 09 00  00 80 05 00  68 01 2c 01  00 00 f4 01  78 00 c8 00  00 00 00 00  48 00 00 00  59 00 00 00  7f 00 00 00  77 00 00 00  e5 00 e4 00  0a 01 00 00  01 28 19 0f  14 00 03 32  1e 14 00 00  00 00 00 00  00 00 0f 46  0f 0a 05 00  00 00 00 00  00 00 00 00
MANEATING TREE	06 06 1f 00  3c 05 00 00  00 00 8c 00  f0 00 4c 00  48 00 52 00  fa 00 14 00  32 00 00 00  fa 00 00 00  00 88 0f 00  1c 02 a4 01  00 00 f4 01  46 00 c8 00  00 00 00 00  36 00 00 00  3f 00 00 00  33 00 00 00  46 00 00 00  70 00 cb 02  0f 7d 00 00  01 41 23 00  00 00 06 14  50 00 00 00  03 50 14 00  00 00 0f 64  00 00 00 00  00 00 00 00  00 00 00 00
PIT VIPER		03 03 20 00  38 04 00 00  00 00 00 00  c5 00 60 00  65 00 7a 00  c0 00 14 00  32 00 00 00  05 00 fb 00  00 04 05 00  1c 02 2c 01  00 00 f4 01  64 00 c8 00  00 00 00 00  34 00 00 00  2d 00 00 00  2f 00 00 00  2f 00 00 00  7d 00 d9 00  14 05 00 00  01 64 00 00  00 00 00 00  00 00 00 00  00 00 00 00  00 00 00 00  00 00 00 00  00 00 00 00  00 00 00 00
MELFICE			24 08 28 00  38 4a 00 00  48 03 b6 03  21 01 bb 00  c2 01 ac 00  60 00 0a 00  1e 00 64 00  00 00 00 00  00 fe 19 00  78 00 e0 01  00 00 f4 01  50 00 c8 00  53 01 00 00  dc 05 00 00  10 0e 00 00  08 07 00 00  00 00 00 00  00 00 cc 02  00 64 00 00  01 32 19 0f  00 0a 00 00  32 1e 00 14  00 00 14 0f  19 28 00 19  28 14 0a 05  00 00 00 00  00 00 00 00
SWORD			25 08 28 00  f8 2a 00 00  00 00 00 00  0b 02 4b 00  c2 01 64 00  60 00 0a 00  1e 00 00 00  fd fd fd fd  fd df 19 00  68 01 1c 02  00 00 f4 01  46 00 c8 00  53 01 00 00  00 00 00 00  00 00 00 00  00 00 00 00  00 00 00 00  00 00 32 01  00 64 00 00  01 64 00 00  00 00 00 00  00 00 00 00  00 00 00 00  00 00 00 00  00 00 00 00  00 00 00 00  00 00 00 00
REGENERATOR		26 08 28 00  c8 32 00 00  58 02 00 00  ae 00 8a 00  c2 01 cd 01  60 00 0a 00  1e 00 00 00  00 00 00 00  00 b8 19 00  f0 00 1c 02  00 00 f4 01  3c 00 c8 00  53 01 00 00  00 00 00 00  00 00 00 00  00 00 00 00  00 00 00 00  00 00 38 00  00 64 00 00  01 0a 14 28  0f 0f 00 28  0a 14 0f 0f  00 0a 00 28  1e 14 00 32  00 1e 00 14  00 00 00 00  00 00 00 00

                TY TY LV     HP           MP    SP     VIT   AGI    SPD   MEN    STA   IPS    IPCS  EV EVM FI WI EA LT  BZ ST RKB?   TREC  TDMG         THEAL  SIZE            NO        XP           SKILLCOINS   MAGICCOINS   GP           ITEM1 ITEM2  %1 %2        AI Start           AI start            AI start           AI start            AI Start           ?? ??
GIGA MANTIS		02 02 22 00  b4 05 00 00  00 00 00 00  da 00 58 00  50 00 66 00  e6 00 14 00  32 00 00 00  00 00 fc 06  00 00 0a 00  e0 01 a4 01  00 00 f4 01  64 00 c8 00  00 00 00 00  2a 00 00 00  31 00 00 00  10 00 00 00  35 00 00 00  67 00 40 02  0f 05 00 00  01 64 00 00  00 00 00 00  00 00 00 00  00 00 00 00  00 00 00 00  00 00 00 00  00 00 00 00  00 00 00 00
FENNY BIRD		01 01 23 00  22 06 00 00  00 00 00 00  ba 00 6c 00  64 00 98 00  c0 00 14 00  32 00 19 00  08 fa 00 00  f8 00 00 00  1c 02 f0 00  00 00 f4 01  64 00 c8 00  00 00 00 00  31 00 00 00  0e 00 00 00  4c 00 00 00  1a 00 00 00  e4 00 42 00  05 01 00 00  01 64 00 00  00 00 00 00  00 00 00 00  00 00 00 00  00 00 00 00  00 00 00 00  00 00 00 00  00 00 00 00
DESERT DIVER	04 04 25 00  14 05 00 00  00 00 fa 00  ad 00 5a 00  3c 00 7f 00  0d 01 14 00  32 00 00 00  06 f8 0a 00  00 00 05 00  2c 01 d2 00  00 00 f4 01  46 00 c8 00  00 00 00 00  38 00 00 00  3a 00 00 00  2c 00 00 00  7e 00 00 00  86 00 dd 02  0a 02 00 00  01 46 05 19  00 00 03 3c  0f 19 00 00  00 00 00 00  00 00 0f 5a  00 0a 00 00  00 00 00 00  00 00 00 00
SNOW LEOPARD	04 04 2a 00  f8 11 00 00  40 01 00 00  0b 01 b6 00  66 00 a5 00  c0 00 14 00  32 00 1e 00  fb 00 00 00  0a 82 0a 00  a4 01 2c 01  00 00 f4 01  78 00 c8 00  00 00 00 00  96 00 00 00  af 00 00 00  a0 00 00 00  96 00 00 00  cf 00 1b 03  0a 01 00 00  01 28 14 0a  1e 00 03 28  0f 23 0a 00  06 19 28 14  0f 00 00 00  00 00 00 00  00 00 00 00  00 00 00 00
LECK GUARDER	0b 05 2a 00  98 3a 00 00  00 00 ee 02  11 01 d1 00  3e 00 8b 00  0d 01 0f 00  1e 00 00 00  09 00 00 00  00 c9 19 00  f0 00 58 02  00 00 f4 01  a0 00 c8 00  00 01 00 00  90 01 00 00  e2 04 00 00  00 00 00 00  00 00 00 00  00 00 c6 01  00 64 00 00  01 32 32 00  00 00 00 00  00 00 00 00  00 00 00 00  00 00 00 00  00 00 00 00  00 00 00 00  00 00 00 00
NAGA QUEEN		0d 06 2b 00  d4 30 00 00  78 00 e0 01  f8 00 c1 00  4a 00 b8 00  fa 00 0f 00  1e 00 00 00  00 00 f9 00  08 ea 0f 00  b4 00 a4 01  00 00 f4 01  96 00 c8 00  00 01 00 00  77 01 00 00  00 00 00 00  80 02 00 00  20 03 00 00  46 00 c2 02  02 78 00 00  01 32 0f 19  0a 00 02 1e  14 19 0a 0f  03 32 1e 14  00 00 0f 46  0a 0a 0a 00  00 00 00 00  00 00 00 00
TIO CLONE		12 05 2b 00  30 75 00 00  be 00 a5 00  12 01 1a 01  c4 00 a8 00  c0 00 0a 00  1e 00 64 00  00 00 00 00  00 db 0f 00  52 03 2c 01  e0 01 d2 00  3c 00 9b 00  55 01 00 00  84 03 00 00  a0 0f 00 00  a0 0f 00 00  00 00 00 00  00 00 a9 01  00 64 00 00  01 14 1e 0f  14 0f 00 00  00 00 00 00  00 00 00 00  00 00 00 00  00 00 00 00  00 00 00 00  00 00 00 00
TARANTULA		02 02 26 00  f6 04 00 00  00 00 5a 00  e7 00 5e 00  3c 00 74 00  0d 01 14 00  32 00 00 00  00 00 00 00  00 04 05 00  58 02 68 01  00 00 f4 01  64 00 c8 00  00 00 00 00  35 00 00 00  5e 00 00 00  2b 00 00 00  2d 00 00 00  7c 00 d7 00  0f 0a 00 00  01 50 14 00  00 00 00 00  00 00 00 00  00 00 00 00  00 00 00 00  00 00 00 00  00 00 00 00  00 00 00 00
VENOMOUS LARVA	02 02 26 00  54 06 00 00  00 00 00 00  cc 00 55 00  34 00 82 00  20 01 14 00  32 00 00 00  07 00 00 00  fc 00 0a 00  58 02 a4 01  00 00 f4 01  6e 00 c8 00  00 00 00 00  39 00 00 00  48 00 00 00  34 00 00 00  38 00 00 00  70 00 a1 00  0f 05 00 00  01 64 00 00  00 00 00 00  00 00 00 00  00 00 00 00  00 00 00 00  00 00 00 00  00 00 00 00  00 00 00 00
IMMUNE CELL		01 01 27 00  04 06 00 00  00 00 c8 00  d7 00 73 00  50 00 9c 00  e6 00 14 00  32 00 00 00  00 fc 00 0a  00 08 00 00  58 02 2c 01  00 00 f4 01  6e 00 c8 00  00 00 00 00  40 00 00 00  54 00 00 00  29 00 00 00  40 00 00 00  f4 00 aa 01  0a 7a 00 00  01 55 0f 00  00 00 00 00  00 00 00 00  00 00 00 00  00 00 00 00  00 00 00 00  00 00 00 00  00 00 00 00 
BRAIN BAT		07 07 29 00  c8 05 00 00  fa 00 00 00  b0 00 6d 00  50 00 ec 00  e6 00 14 00  32 00 00 00  00 09 00 00  00 00 00 00  58 02 2c 01  00 00 f4 01  5a 00 c8 00  00 00 00 00  3c 00 00 00  20 00 00 00  87 00 00 00  67 00 00 00  7b 00 3e 00  0a 03 00 00  01 23 0a 32  05 00 00 00  00 00 00 00  00 00 00 00  00 00 00 00  00 00 00 00  00 00 00 00  00 00 00 00
DINO FREEZER	03 03 27 00  26 07 00 00  00 00 f0 00  0e 01 69 00  63 00 ba 00  c0 00 14 00  32 00 00 00  f9 00 00 00  08 80 14 00  58 02 f0 00  00 00 f4 01  8c 00 c8 00  00 00 00 00  4e 00 00 00  7a 00 00 00  30 00 00 00  86 00 00 00  d8 00 c5 01  0a 7a 00 00  01 46 1e 00  00 00 00 00  00 00 00 00  00 00 00 00  00 00 00 00  00 00 00 00  00 00 00 00  00 00 00 00
VALMAR BODY		29 08 2c 00  c0 5d 00 00  48 03 d0 02  3b 01 ac 00  00 00 b7 00  c0 00 0a 00  32 00 00 00  fe 00 00 03  00 fe 00 00  2c 01 2c 01  00 00 f4 01  2c 01 c8 00  00 01 00 00  40 06 00 00  70 17 00 00  70 17 00 00  00 00 00 00  00 00 cf 02  00 64 00 00  01 3c 0a 14  0a 00 00 28  0f 05 0a 1e  00 14 1e 28  0a 00 00 19  23 14 0a 0a  00 00 00 00  00 00 00 00
RIGHT TENT		2a 08 2c 00  b0 36 00 00  00 00 00 00  3b 01 ac 00  00 00 b7 00  c0 00 0f 00  1e 00 00 00  06 00 f9 00  00 98 00 00  68 01 f0 00  00 00 f4 01  2c 01 c8 00  00 01 00 00  00 00 00 00  00 00 00 00  00 00 00 00  00 00 00 00  00 00 a8 01  00 64 00 00  01 64 00 00  00 00 00 00  00 00 00 00  00 00 00 00  00 00 00 00  00 00 00 00  00 00 00 00  00 00 00 00
LEFT TENT		2b 08 2c 00  b0 36 00 00  00 00 00 00  3b 01 ac 00  00 00 b7 00  c0 00 0f 00  1e 00 00 00  00 00 fc 00  08 98 00 00  68 01 f0 00  00 00 f4 01  2c 01 c8 00  00 01 00 00  00 00 00 00  00 00 00 00  00 00 00 00  a0 0f 00 00  00 00 00 00  00 00 00 00  01 64 00 00  00 00 00 00  00 00 00 00  00 00 00 00  00 00 00 00  00 00 00 00  00 00 00 00  00 00 00 00
GRANAS KNIGHT	05 05 28 00  7e 09 00 00  00 00 00 00  f6 00 68 00  2d 00 89 00  33 01 14 00  32 00 00 00  00 00 00 00  00 00 0a 00  58 02 f0 00  00 00 f4 01  50 00 c8 00  00 01 00 00  5a 00 00 00  96 00 00 00  00 00 00 00  c8 00 00 00  3d 02 f7 01  0f 05 00 00  01 64 00 00  00 00 00 00  00 00 00 00  00 00 00 00  00 00 00 00  00 00 00 00  00 00 00 00  00 00 00 00
VALMAR HEART	2e 08 2d 00  08 52 00 00  00 00 48 03  51 01 c6 00  64 00 c0 00  c0 00 0a 00  32 00 00 00  00 fb 05 00  00 fe 1e 00  f0 00 68 01  00 00 f4 01  dc 00 c8 00  00 01 00 00  08 07 00 00  40 1f 00 00  40 1f 00 00  00 00 00 00  00 00 28 02  00 64 00 00  01 23 05 0a  32 00 00 1e  14 32 00 00  00 32 0f 23  00 00 00 0f  32 23 00 00  00 00 00 00  00 00 00 00
LEFT EYE		30 08 2d 00  c8 32 00 00  44 02 00 00  44 01 81 00  64 00 af 00  c0 00 0a 00  1e 00 00 00  00 00 06 00  fb a8 1e 00  f0 00 2c 01  00 00 f4 01  5a 00 c8 00  00 01 00 00  00 00 00 00  00 00 00 00  00 00 00 00  00 00 00 00  00 00 a2 02  00 64 00 00  01 14 28 0f  19 00 00 00  3c 1e 0a 00  00 14 32 0f  0f 00 00 00  32 0a 0a 1e  00 00 00 00  00 00 00 00
RIGHT EYE		2f 08 2d 00  c8 32 00 00  44 02 00 00  25 01 e7 00  64 00 94 00  c0 00 0a 00  1e 00 00 00  fb 00 07 00  00 a8 1e 00  f0 00 2c 01  00 00 f4 01  5a 00 c8 00  00 01 00 00  00 00 00 00  00 00 00 00  00 00 00 00  94 11 00 00  00 00 00 00  00 00 00 00  01 14 19 0a  0f 1e 00 00  19 1e 19 14  00 32 0f 14  0f 00 00 00  00 00 1e 46  00 00 00 00  00 00 00 00
NYARMOT			05 05 29 00  86 06 00 00  00 00 dc 00  eb 00 51 00  46 00 a2 00  fa 00 14 00  32 00 00 00  07 00 fd 00  00 00 0a 00  58 02 2c 01  00 00 f4 01  50 00 c8 00  00 00 00 00  51 00 00 00  43 00 00 00  27 00 00 00  61 00 00 00  1b 02 7c 00  7d 0a 00 00  01 4b 19 00  00 00 00 00  00 00 00 00  00 00 00 00  00 00 00 00  00 00 00 00  00 00 00 00  00 00 00 00
SALAMADILE		03 03 29 00  dc 05 00 00  00 00 00 00  fe 00 5f 00  3c 00 80 00  0d 01 14 00  32 00 00 00  0a fa 00 00  fb 00 05 00  58 02 4a 01  00 00 f4 01  6e 00 c8 00  00 00 00 00  46 00 00 00  1e 00 00 00  54 00 00 00  44 00 00 00  ce 00 e6 02  0a 03 00 00  01 64 00 00  00 00 00 00  00 00 00 00  00 00 00 00  00 00 00 00  00 00 00 00  00 00 00 00  00 00 00 00
EVIL MANEUVER	07 07 2a 00  9e 07 00 00  f0 00 04 01  1a 01 6e 00  35 00 67 00  20 01 14 00  32 00 00 00  00 00 fd 08  00 0a 0a 00  58 02 f0 00  00 00 f4 01  82 00 c8 00  00 00 00 00  69 00 00 00  72 00 00 00  3b 00 00 00  20 00 00 00  cd 00 45 00  0a 03 00 00  01 28 19 0a  14 05 0d 32  19 0f 05 05  00 00 00 00  00 00 0f 3c  14 0f 00 05  00 00 00 00  00 00 00 00
DRAGON KNIGHT	03 03 2a 00  52 08 00 00  3c 00 22 01  3b 01 7c 00  5f 00 9e 00  c0 00 14 00  32 00 00 00  00 fa 00 06  00 80 0a 00  58 02 2c 01  00 00 f4 01  78 00 c8 00  00 00 00 00  5c 00 00 00  62 00 00 00  49 00 00 00  ab 00 00 00  5e 01 66 00  7a 0a 00 00  01 3c 14 0f  05 00 00 00  00 00 00 00  00 00 00 00  00 00 00 00  00 00 00 00  00 00 00 00  00 00 00 00
EGG GUARDIAN	33 08 30 00  60 6d 00 00  6c 02 d0 02  32 01 b8 00  00 00 cb 00  00 00 0a 00  1e 00 00 00  03 06 f6 00  00 f6 00 00  b4 00 a4 01  00 00 f4 01  78 00 c8 00  00 01 00 00  d0 07 00 00  10 27 00 00  10 27 00 00  00 00 00 00  00 00 1e 02  00 64 00 00  01 00 23 14  0f 1e 00 32  1e 00 14 00  00 00 19 0f  3c 00 00 00  32 1e 14 00  00 00 00 00  00 00 00 00
BIT				34 08 30 00  c0 12 00 00  00 00 18 01  fb 00 70 00  64 00 9a 00  c0 00 0f 00  32 00 0f 00  00 00 05 00  00 10 0a 00  e0 01 78 00  00 00 f4 01  3c 00 c8 00  00 01 00 00  00 00 00 00  00 00 00 00  00 00 00 00  84 03 00 00  00 00 00 00  00 00 00 00  01 46 1e 00  00 00 00 64  00 00 00 00  00 32 32 00  00 00 00 46  1e 00 00 00  00 00 00 00  00 00 00 00
VALMAR FLY		08 08 30 00  10 0e 00 00  00 00 00 00  02 01 98 00  8b 00 86 00  c0 00 14 00  32 00 00 00  00 00 00 00  00 00 05 00  2c 01 2c 01  00 00 f4 01  50 00 c8 00  00 01 00 00  4b 00 00 00  77 01 00 00  00 00 00 00  7d 00 00 00  66 00 e2 00  0a 7d 00 00  01 64 00 00  00 00 00 00  00 00 00 00  00 00 00 00  00 00 00 00  00 00 00 00  00 00 00 00  00 00 00 00
VALMAR YOUNG	0e 08 31 00  20 1c 00 00  2c 01 30 02  38 01 ab 00  53 00 91 00  e6 00 0f 00  1e 00 00 00  00 00 00 00  00 e0 0a 00  78 00 e0 01  00 00 f4 01  aa 00 c8 00  00 01 00 00  2c 01 00 00  ee 02 00 00  00 00 00 00  a9 01 00 00  7b 00 cc 02  0a 7d 00 00  01 3c 05 14  0f 00 03 28  1e 14 0a 00  00 00 00 00  00 00 00 00  00 00 00 00  00 00 00 00  00 00 00 00
DEVIL			06 06 32 00  a8 16 00 00  76 02 00 00  2f 01 9e 00  48 00 cc 00  fa 00 14 00  32 00 05 00  05 00 00 00  fe a0 05 00  1e 00 f0 00  00 00 f4 01  64 00 c8 00  00 01 00 00  14 00 00 00  0e 01 00 00  40 01 00 00  f0 00 00 00  e4 02 e9 00  7a 02 00 00  01 19 0a 14  0f 1e 00 00  00 00 00 00  00 00 00 00  00 00 00 00  00 00 00 00  00 00 00 00  00 00 00 00
DEATH DOBERMAN	04 04 2c 00  fe 06 00 00  0e 01 00 00  23 01 84 00  50 00 ad 00  c0 00 14 00  32 00 00 00  fd 0a 00 00  00 00 05 00  58 02 0e 01  00 00 f4 01  82 00 c8 00  00 00 00 00  53 00 00 00  0d 00 00 00  73 00 00 00  6a 00 00 00  7b 00 59 02  0a 7d 00 00  01 3c 0a 19  05 00 00 00  00 00 00 00  00 00 00 00  00 00 00 00  00 00 00 00  00 00 00 00  00 00 00 00
EMERALD BIRD	01 01 2d 00  44 07 00 00  a0 00 40 01  35 01 75 00  51 00 f4 00  c0 00 14 00  32 00 00 00  fc 00 00 00  07 80 05 00  e0 01 4a 01  00 00 f4 01  78 00 c8 00  00 00 00 00  6c 00 00 00  60 00 00 00  9c 00 00 00  0f 01 00 00  8e 00 e3 00  0a 7d 00 00  01 41 0a 05  0f 05 00 00  00 00 00 00  00 00 00 00  00 00 00 00  00 00 00 00  00 00 00 00  00 00 00 00
YETI			05 05 2c 00  52 08 00 00  00 00 00 00  f5 00 66 00  44 00 99 00  fa 00 14 00  32 00 00 00  00 05 08 fa  00 80 14 00  58 02 68 01  00 00 f4 01  64 00 c8 00  00 00 00 00  4a 00 00 00  09 00 00 00  04 00 00 00  75 00 00 00  d6 00 a6 02  0a 7d 00 00  01 64 00 00  00 00 00 00  00 00 00 00  00 00 00 00  00 00 00 00  00 00 00 00  00 00 00 00  00 00 00 00
ANCIENT WARRIOR	07 07 2d 00  f8 07 00 00  00 00 68 01  47 01 7a 00  3f 00 92 00  0d 01 14 00  32 00 0f 00  08 00 00 00  f9 82 0a 00  58 02 0e 01  00 00 f4 01  50 00 c8 00  00 00 00 00  61 00 00 00  56 00 00 00  0e 00 00 00  c4 00 00 00  97 00 0a 02  0a 7d 00 00  01 41 0a 19  00 00 00 00  00 00 00 00  00 00 00 00  00 00 00 00  00 00 00 00  00 00 00 00  00 00 00 00
DUAL FIST		0c 02 32 00  38 4a 00 00  00 00 94 02  5a 01 91 00  49 00 9e 00  fa 00 0f 00  1e 00 00 00  00 fb 00 00  09 ca 0a 00  68 01 1c 02  00 00 f4 01  c8 00 c8 00  00 01 00 00  c2 01 00 00  40 06 00 00  00 00 00 00  b0 04 00 00  47 00 8c 02  02 78 00 00  01 32 14 1e  00 00 00 00  00 00 00 00  00 00 00 00  00 00 00 00  00 00 00 00  00 00 00 00  00 00 00 00
GUARDIAN		0d 06 32 00  68 42 00 00  04 01 b2 02  44 01 b9 00  4a 00 d5 00  fa 00 0a 00  1e 00 00 00  00 00 fb 08  05 ed 0f 00  96 00 2c 01  00 00 f4 01  96 00 c8 00  00 01 00 00  f4 01 00 00  00 00 00 00  d0 07 00 00  40 06 00 00  47 00 a5 01  02 78 00 00  01 1e 19 0f  0a 14 00 00  00 00 00 00  00 00 00 00  00 00 0f 3c  19 0f 00 00  00 00 00 00  00 00 00 00
KILLER TREE		06 06 2c 00  06 09 00 00  00 00 18 01  7e 01 86 00  47 00 4b 00  fa 00 14 00  32 00 00 00  09 00 fa 00  00 80 0f 00  58 02 b4 00  00 00 f4 01  50 00 c8 00  00 00 00 00  75 00 00 00  22 00 00 00  06 00 00 00  ba 00 00 00  46 00 47 00  01 7d 00 00  01 46 1e 00  00 00 00 00  00 00 00 00  00 00 00 00  00 00 00 00  00 00 00 00  00 00 00 00  00 00 00 00
MIND EATER		07 07 2f 00  98 08 00 00  18 01 4a 01  07 01 80 00  2b 00 1d 01  20 01 14 00  32 00 00 00  00 00 00 09  fd 0a 05 00  a4 01 2c 01  00 00 f4 01  50 00 c8 00  00 00 00 00  80 00 00 00  0c 00 00 00  1b 00 00 00  8e 00 00 00  c7 02 8e 00  79 0a 00 00  01 23 1e 14  0f 00 00 00  00 00 00 00  00 00 00 00  00 00 0f 3c  14 0f 05 00  00 00 00 00  00 00 00 00
VALMAR MOTH		08 08 33 00  80 0c 00 00  00 00 00 00  2f 01 e6 00  8e 00 68 00  c0 00 0f 00  32 00 00 00  07 00 00 00  00 80 05 00  3c 00 78 00  00 00 f4 01  5a 00 c8 00  00 00 00 00  64 00 00 00  3c 00 00 00  32 00 00 00  50 00 00 00  7b 00 cc 00  0a 01 00 00  01 64 00 00  00 00 00 00  00 00 00 00  00 00 00 00  00 00 00 00  00 00 00 00  00 00 00 00  00 00 00 00
VALMAR MAGNA	0e 08 33 00  20 4e 00 00  b8 01 bc 02  50 01 d6 00  4f 00 b2 00  e6 00 0a 00  1e 00 00 00  05 00 00 00  00 e0 0a 00  0e 01 2c 01  00 00 f4 01  b4 00 c8 00  00 01 00 00  58 02 00 00  32 00 00 00  2c 01 00 00  dc 05 00 00  87 01 65 00  01 14 00 00  01 28 0f 14  19 00 00 00  00 00 00 00  00 00 00 00  00 00 0f 46  05 0a 0f 00  00 00 00 00  00 00 00 00
VALMAR CORE		38 08 37 00  80 bb 00 00  00 00 c0 03  6d 01 da 00  1e 00 0b 01  20 01 00 00  0f 00 00 00  00 00 00 00  00 ff 32 00  78 00 e0 01  00 00 f4 01  a0 00 c8 00  55 01 00 00  00 00 00 00  00 00 00 00  00 00 00 00  00 00 00 00  00 00 00 00  00 00 00 00  01 14 1e 28  0a 00 00 0a  1e 28 14 00  00 14 1e 32  00 00 00 00  23 0f 00 32  00 00 00 00  00 00 00 00
MIDDLE HEAD		39 08 37 00  10 a4 00 00  00 00 70 03  7e 01 41 00  1e 00 fe 00  20 01 00 00  0f 00 00 00  00 00 00 00  00 fb 32 00  96 00 68 01  00 00 f4 01  3c 00 c8 00  79 01 00 00  00 00 00 00  00 00 00 00  00 00 00 00  00 00 00 00  00 00 00 00  00 00 00 00  01 00 64 00  00 00 00 0a  5a 00 00 00  00 00 00 00  00 00 00 00  00 00 00 00  00 00 00 00  00 00 00 00
RIGHT HEAD		3b 08 37 00  60 6d 00 00  e0 01 a4 01  55 01 7b 00  1e 00 0f 01  20 01 00 00  0f 00 00 00  00 00 00 00  00 ff 32 00  96 00 68 01  00 00 58 02  3c 00 c8 00  55 01 00 00  00 00 00 00  00 00 00 00  00 00 00 00  00 00 00 00  00 00 00 00  00 00 00 00  01 0a 0f 00  05 46 00 00  0a 0f 05 46  00 14 0f 23  1e 00 00 14  0a 19 0f 1e  00 00 00 00  00 00 00 00
LEFT HEAD		3a 08 37 00  b8 88 00 00  e0 01 a4 01  46 01 a2 00  1e 00 f9 00  20 01 00 00  0f 00 00 00  00 00 00 00  00 f9 32 00  96 00 68 01  00 00 f4 01  3c 00 c8 00  55 01 00 00  00 00 00 00  00 00 00 00  00 00 00 00  00 00 00 00  00 00 00 00  00 00 00 00  01 00 0f 19  0a 32 00 0a  28 05 14 19  00 0a 19 1e  14 0f 00 0a  14 1e 0f 19  00 00 00 00  00 00 00 00
ZERA VALMAR		3d 08 38 00  a0 8c 00 00  dc 05 00 00  ed 00 a8 00  28 00 9c 00  20 01 05 00  14 00 00 00  00 00 00 00  00 ff 1e 00  96 00 a4 01  00 00 f4 01  5a 00 c8 00  55 01 00 00  00 00 00 00  00 00 00 00  00 00 00 00  00 00 00 00  00 00 00 00  00 00 00 00  01 14 0f 19  28 00 08 05  0a 1e 0f 28  0a 28 19 05  0a 14 0f 1e  14 14 14 0a  00 00 00 00  00 00 00 00

MILLENIA 00 02  13 05 30 00  D8 59 00 00  F7 00 C0 00  23 01 E0 00  68 00 9B 00  C0 00 0A 00  1E 00 00 00  00 00 00 00  00 E0 0A 00  39 03 36 01  E0 01 D2 00  3C 00 AA 00  00 01 00 00  00 00 00 00  B8 0B 00 00  00 00 00 00  00 00 00 00  00 00 69 01  00 64 00 00  01 32 0A 14  0A 0A 00 00  00 00 00 00  00 00 00 00  00 00 00 00  00 00 00 00  00 00 00 00  00 00 00 00 




TY - Monster type
	01(0x01) Bird
	02(0x02) Bug
	03(0x03) Reptile
	04(0x04) Animal
	05(0x05) Humanoid
	06(0x06) Unknown
	07(0x07) Undead
	08(0x08) Valmar(?)
	09(0x09) Unknown
	10(0x0A) Unknown
	11(0x0B) Unknown
	12(0x0C) Unknown
	13(0x0D) Unknown
	14(0x0E) Unknown
	15(0x0F) Unknown
LV - Level
HP -
VIT -
AGI - ACTION
SPD - MOVE
MEN - MENTAL
STA - Stamina(Duration enemy can move before getting "tired out")
IPS - IP Delay Stun(Duration Enemy IP does not move after damage)
IPCS - IP Delay Cancel Stun(Duration Enemy IP does not move after being cancelled)
EV - EVASION
EVM - EVASION WHILE MOVING
FI,WI,EA,LT,BZ - ELEMENT RESIST
ST - STATUS RESIST
	001(0x01) Poison
	002(0x02) Sleep
	004(0x04) Paralysis
	008(0x08) Confusion
	016(0x10) Plague
	032(0x20) Magic Block
	064(0x40) Move Block
	128(0x80) Death
NO - Toggle ability to escape
EXP - 
SKILLCOINS -
MAGICCOINS -
GP -
ITEM# - Dropped Item
% - % chance of drop
STR -
AI Start - Enemy AI controls
	1 byte Entry condition
	1 byte % chance to use 1st enemy move
	1 byte % chance to use 2nd enemy move
	1 byte % chance to use 3rd enemy move
	1 byte % chance to use 4th enemy move
	1 byte % chance to use 5th enemy move